 &plot nbnd=  12, nks=   161 /
            0.000000  0.000000  0.000000
  -6.226   5.671   5.671   5.671   8.509   8.509   8.509   9.178  13.803  13.803
  13.991  17.467
            0.000000  0.025000  0.000000
  -6.223   5.653   5.660   5.660   8.502   8.523   8.523   9.196  13.782  13.807
  14.003  17.472
            0.000000  0.050000  0.000000
  -6.215   5.600   5.629   5.629   8.483   8.565   8.565   9.247  13.718  13.816
  14.039  17.486
            0.000000  0.075000  0.000000
  -6.203   5.513   5.577   5.577   8.450   8.632   8.632   9.330  13.618  13.831
  14.098  17.506
            0.000000  0.100000  0.000000
  -6.183   5.400   5.510   5.510   8.407   8.722   8.722   9.437  13.487  13.852
  14.179  17.540
            0.000000  0.125000  0.000000
  -6.159   5.264   5.430   5.430   8.352   8.833   8.833   9.563  13.335  13.880
  14.282  17.583
            0.000000  0.150000  0.000000
  -6.129   5.109   5.338   5.338   8.289   8.961   8.961   9.702  13.171  13.913
  14.404  17.635
            0.000000  0.175000  0.000000
  -6.093   4.939   5.239   5.239   8.218   9.103   9.103   9.846  13.002  13.953
  14.545  17.696
            0.000000  0.200000  0.000000
  -6.052   4.758   5.134   5.134   8.141   9.258   9.258   9.987  12.839  13.999
  14.703  17.767
            0.000000  0.225000  0.000000
  -6.006   4.567   5.025   5.025   8.059   9.424   9.424  10.114  12.693  14.050
  14.875  17.847
            0.000000  0.250000  0.000000
  -5.954   4.368   4.914   4.914   7.973   9.598   9.598  10.216  12.576  14.108
  15.062  17.936
            0.000000  0.275000  0.000000
  -5.898   4.163   4.801   4.801   7.882   9.780   9.780  10.279  12.497  14.172
  15.261  18.033
            0.000000  0.300000  0.000000
  -5.835   3.955   4.689   4.689   7.792   9.969   9.969  10.299  12.487  14.243
  15.472  18.139
            0.000000  0.325000  0.000000
  -5.768   3.742   4.576   4.576   7.702  10.163  10.163  10.259  12.531  14.319
  15.693  18.253
            0.000000  0.350000  0.000000
  -5.694   3.527   4.466   4.466   7.611  10.170  10.362  10.362  12.632  14.401
  15.922  18.374
            0.000000  0.375000  0.000000
  -5.617   3.308   4.356   4.356   7.522  10.043  10.562  10.562  12.779  14.485
  16.160  18.495
            0.000000  0.400000  0.000000
  -5.533   3.086   4.250   4.250   7.434   9.888  10.765  10.765  12.958  14.578
  16.404  18.628
            0.000000  0.425000  0.000000
  -5.444   2.865   4.146   4.146   7.349   9.718  10.976  10.976  13.163  14.678
  16.654  18.766
            0.000000  0.450000  0.000000
  -5.350   2.643   4.045   4.045   7.267   9.541  11.191  11.191  13.387  14.784
  16.909  18.912
            0.000000  0.475000  0.000000
  -5.250   2.421   3.948   3.948   7.187   9.357  11.407  11.407  13.623  14.897
  17.166  19.052
            0.000000  0.500000  0.000000
  -5.146   2.197   3.854   3.854   7.112   9.172  11.626  11.626  13.868  15.015
  17.425  19.188
            0.000000  0.525000  0.000000
  -5.037   1.974   3.764   3.764   7.040   8.988  11.846  11.846  14.120  15.139
  17.685  19.316
            0.000000  0.550000  0.000000
  -4.923   1.750   3.678   3.678   6.973   8.808  12.069  12.069  14.377  15.270
  17.942  19.429
            0.000000  0.575000  0.000000
  -4.803   1.527   3.596   3.596   6.910   8.632  12.294  12.294  14.637  15.406
  18.196  19.518
            0.000000  0.600000  0.000000
  -4.677   1.303   3.518   3.518   6.852   8.462  12.521  12.521  14.899  15.549
  18.443  19.577
            0.000000  0.625000  0.000000
  -4.548   1.078   3.444   3.444   6.800   8.297  12.744  12.744  15.162  15.686
  18.680  19.589
            0.000000  0.650000  0.000000
  -4.414   0.855   3.375   3.375   6.752   8.140  12.974  12.974  15.426  15.840
  18.903  19.551
            0.000000  0.675000  0.000000
  -4.274   0.635   3.310   3.310   6.712   7.991  13.209  13.209  15.690  16.004
  19.108  19.485
            0.000000  0.700000  0.000000
  -4.131   0.415   3.250   3.250   6.676   7.848  13.442  13.442  15.952  16.170
  19.290  19.353
            0.000000  0.725000  0.000000
  -3.983   0.196   3.194   3.194   6.645   7.712  13.676  13.676  16.213  16.342
  19.184  19.184
            0.000000  0.750000  0.000000
  -3.831  -0.021   3.144   3.144   6.622   7.584  13.914  13.914  16.473  16.549
  18.990  18.990
            0.000000  0.775000  0.000000
  -3.676  -0.237   3.098   3.098   6.600   7.463  14.148  14.148  16.729  16.732
  18.751  18.751
            0.000000  0.800000  0.000000
  -3.515  -0.452   3.056   3.056   6.589   7.351  14.385  14.385  16.922  16.982
  18.524  18.524
            0.000000  0.825000  0.000000
  -3.350  -0.665   3.020   3.020   6.583   7.246  14.622  14.622  17.117  17.231
  18.289  18.289
            0.000000  0.850000  0.000000
  -3.181  -0.875   2.988   2.988   6.584   7.150  14.859  14.859  17.318  17.476
  18.050  18.050
            0.000000  0.875000  0.000000
  -3.008  -1.083   2.961   2.961   6.592   7.061  15.094  15.094  17.525  17.717
  17.810  17.810
            0.000000  0.900000  0.000000
  -2.831  -1.291   2.938   2.938   6.603   6.981  15.321  15.321  17.568  17.568
  17.738  17.949
            0.000000  0.925000  0.000000
  -2.651  -1.495   2.921   2.921   6.625   6.907  15.543  15.543  17.341  17.341
  17.956  18.178
            0.000000  0.950000  0.000000
  -2.466  -1.695   2.909   2.909   6.654   6.842  15.745  15.745  17.134  17.134
  18.180  18.399
            0.000000  0.975000  0.000000
  -2.278  -1.893   2.901   2.901   6.690   6.783  15.903  15.903  16.974  16.974
  18.410  18.611
            0.000000  1.000000  0.000000
  -2.087  -2.087   2.899   2.899   6.733   6.733  15.968  15.968  16.908  16.908
  18.646  18.646
            0.025000  1.000000  0.000000
  -2.086  -2.086   2.891   2.891   6.747   6.747  15.945  15.945  16.870  16.870
  18.670  18.670
            0.050000  1.000000  0.000000
  -2.084  -2.084   2.869   2.869   6.791   6.791  15.871  15.871  16.780  16.780
  18.703  18.703
            0.075000  1.000000  0.000000
  -2.079  -2.079   2.833   2.833   6.861   6.861  15.738  15.738  16.680  16.680
  18.722  18.722
            0.100000  1.000000  0.000000
  -2.073  -2.073   2.785   2.785   6.958   6.958  15.545  15.545  16.601  16.601
  18.736  18.736
            0.125000  1.000000  0.000000
  -2.066  -2.066   2.728   2.728   7.077   7.077  15.301  15.301  16.546  16.546
  18.751  18.751
            0.150000  1.000000  0.000000
  -2.057  -2.057   2.663   2.663   7.218   7.218  15.020  15.020  16.510  16.510
  18.761  18.761
            0.175000  1.000000  0.000000
  -2.047  -2.047   2.593   2.593   7.379   7.379  14.722  14.722  16.488  16.488
  18.778  18.778
            0.200000  1.000000  0.000000
  -2.036  -2.036   2.520   2.520   7.556   7.556  14.415  14.415  16.475  16.475
  18.795  18.795
            0.225000  1.000000  0.000000
  -2.025  -2.025   2.447   2.447   7.749   7.749  14.097  14.097  16.466  16.466
  18.815  18.815
            0.250000  1.000000  0.000000
  -2.012  -2.012   2.375   2.375   7.957   7.957  13.778  13.778  16.461  16.461
  18.836  18.836
            0.275000  1.000000  0.000000
  -2.001  -2.001   2.304   2.304   8.172   8.172  13.452  13.452  16.453  16.453
  18.856  18.856
            0.300000  1.000000  0.000000
  -1.988  -1.988   2.238   2.238   8.402   8.402  13.131  13.131  16.455  16.455
  18.878  18.878
            0.325000  1.000000  0.000000
  -1.977  -1.977   2.177   2.177   8.640   8.640  12.810  12.810  16.454  16.454
  18.898  18.898
            0.350000  1.000000  0.000000
  -1.966  -1.966   2.122   2.122   8.886   8.886  12.493  12.493  16.455  16.455
  18.917  18.917
            0.375000  1.000000  0.000000
  -1.956  -1.956   2.074   2.074   9.139   9.139  12.180  12.180  16.455  16.455
  18.935  18.935
            0.400000  1.000000  0.000000
  -1.947  -1.947   2.034   2.034   9.396   9.396  11.874  11.874  16.456  16.456
  18.950  18.950
            0.425000  1.000000  0.000000
  -1.940  -1.940   2.002   2.002   9.654   9.654  11.578  11.578  16.456  16.456
  18.963  18.963
            0.450000  1.000000  0.000000
  -1.936  -1.936   1.978   1.978   9.904   9.904  11.299  11.299  16.454  16.454
  18.970  18.970
            0.475000  1.000000  0.000000
  -1.933  -1.933   1.964   1.964  10.120  10.120  11.064  11.064  16.447  16.447
  18.975  18.975
            0.500000  1.000000  0.000000
  -1.933  -1.933   1.959   1.959  10.219  10.219  10.955  10.955  16.446  16.446
  18.966  18.966
            0.525000  1.000000  0.000000
  -1.933  -1.933   1.964   1.964  10.120  10.120  11.064  11.064  16.447  16.447
  18.975  18.975
            0.550000  1.000000  0.000000
  -1.936  -1.936   1.978   1.978   9.904   9.904  11.299  11.299  16.454  16.454
  18.970  18.970
            0.575000  1.000000  0.000000
  -1.940  -1.940   2.002   2.002   9.654   9.654  11.578  11.578  16.456  16.456
  18.963  18.963
            0.600000  1.000000  0.000000
  -1.947  -1.947   2.034   2.034   9.396   9.396  11.874  11.874  16.456  16.456
  18.950  18.950
            0.625000  1.000000  0.000000
  -1.956  -1.956   2.074   2.074   9.139   9.139  12.180  12.180  16.455  16.455
  18.935  18.935
            0.650000  1.000000  0.000000
  -1.966  -1.966   2.122   2.122   8.886   8.886  12.493  12.493  16.455  16.455
  18.917  18.917
            0.675000  1.000000  0.000000
  -1.977  -1.977   2.177   2.177   8.640   8.640  12.810  12.810  16.454  16.454
  18.898  18.898
            0.700000  1.000000  0.000000
  -1.988  -1.988   2.238   2.238   8.402   8.402  13.131  13.131  16.455  16.455
  18.878  18.878
            0.725000  1.000000  0.000000
  -2.001  -2.001   2.304   2.304   8.172   8.172  13.452  13.452  16.453  16.453
  18.856  18.856
            0.750000  1.000000  0.000000
  -2.012  -2.012   2.375   2.375   7.957   7.957  13.778  13.778  16.461  16.461
  18.836  18.836
            0.775000  1.000000  0.000000
  -2.025  -2.025   2.447   2.447   7.749   7.749  14.097  14.097  16.466  16.466
  18.815  18.815
            0.800000  1.000000  0.000000
  -2.036  -2.036   2.520   2.520   7.556   7.556  14.415  14.415  16.475  16.475
  18.795  18.795
            0.825000  1.000000  0.000000
  -2.047  -2.047   2.593   2.593   7.379   7.379  14.722  14.722  16.488  16.488
  18.778  18.778
            0.850000  1.000000  0.000000
  -2.057  -2.057   2.663   2.663   7.218   7.218  15.020  15.020  16.510  16.510
  18.761  18.761
            0.875000  1.000000  0.000000
  -2.066  -2.066   2.728   2.728   7.077   7.077  15.301  15.301  16.546  16.546
  18.751  18.751
            0.900000  1.000000  0.000000
  -2.073  -2.073   2.785   2.785   6.958   6.958  15.545  15.545  16.601  16.601
  18.736  18.736
            0.925000  1.000000  0.000000
  -2.079  -2.079   2.833   2.833   6.861   6.861  15.738  15.738  16.680  16.680
  18.722  18.722
            0.950000  1.000000  0.000000
  -2.084  -2.084   2.869   2.869   6.791   6.791  15.871  15.871  16.780  16.780
  18.703  18.703
            0.975000  1.000000  0.000000
  -2.086  -2.086   2.891   2.891   6.747   6.747  15.945  15.945  16.870  16.870
  18.670  18.670
            1.000000  1.000000  0.000000
  -2.087  -2.087   2.899   2.899   6.733   6.733  15.968  15.968  16.908  16.908
  18.646  18.646
            0.975000  0.975000  0.000000
  -2.089  -2.081   2.865   2.903   6.738   6.786  15.912  15.935  16.816  16.847
  18.705  18.705
            0.950000  0.950000  0.000000
  -2.097  -2.063   2.768   2.916   6.753   6.938  15.758  15.841  16.584  16.687
  18.862  18.869
            0.925000  0.925000  0.000000
  -2.110  -2.034   2.623   2.938   6.778   7.174  15.535  15.697  16.278  16.463
  19.077  19.079
            0.900000  0.900000  0.000000
  -2.131  -1.993   2.450   2.968   6.813   7.479  15.265  15.515  15.937  16.199
  19.254  19.325
            0.875000  0.875000  0.000000
  -2.160  -1.939   2.263   3.007   6.858   7.836  14.972  15.307  15.587  15.924
  19.456  19.589
            0.850000  0.850000  0.000000
  -2.200  -1.874   2.078   3.053   6.912   8.232  14.665  15.081  15.233  15.642
  19.674  19.857
            0.825000  0.825000  0.000000
  -2.252  -1.799   1.904   3.108   6.974   8.665  14.351  14.848  14.871  15.355
  19.899  20.121
            0.800000  0.800000  0.000000
  -2.319  -1.709   1.750   3.171   7.050   9.121  14.041  14.539  14.607  15.082
  20.131  20.391
            0.775000  0.775000  0.000000
  -2.406  -1.609   1.619   3.241   7.132   9.597  13.725  14.201  14.362  14.796
  20.357  20.652
            0.750000  0.750000  0.000000
  -2.509  -1.497   1.519   3.319   7.222  10.091  13.415  13.875  14.117  14.526
  20.569  20.907
            0.725000  0.725000  0.000000
  -2.629  -1.373   1.449   3.404   7.321  10.595  13.111  13.563  13.875  14.266
  20.734  21.156
            0.700000  0.700000  0.000000
  -2.767  -1.239   1.411   3.495   7.427  11.099  12.813  13.269  13.637  14.014
  20.747  21.397
            0.675000  0.675000  0.000000
  -2.919  -1.091   1.405   3.592   7.543  11.592  12.525  13.017  13.406  13.775
  20.564  21.203
            0.650000  0.650000  0.000000
  -3.084  -0.933   1.428   3.695   7.662  11.992  12.243  12.870  13.180  13.548
  20.304  20.916
            0.625000  0.625000  0.000000
  -3.259  -0.763   1.478   3.803   7.786  11.969  12.080  12.965  13.053  13.335
  20.030  20.640
            0.600000  0.600000  0.000000
  -3.440  -0.580   1.554   3.915   7.916  11.706  11.918  12.760  13.140  13.507
  19.757  20.381
            0.575000  0.575000  0.000000
  -3.625  -0.388   1.652   4.031   8.047  11.452  11.691  12.569  12.958  14.029
  19.491  20.137
            0.550000  0.550000  0.000000
  -3.814  -0.185   1.769   4.148   8.179  11.206  11.454  12.389  12.790  14.562
  19.227  19.916
            0.525000  0.525000  0.000000
  -4.002   0.029   1.905   4.268   8.310  10.970  11.219  12.225  12.641  15.088
  18.963  19.672
            0.500000  0.500000  0.000000
  -4.186   0.254   2.057   4.388   8.438  10.744  10.992  12.078  12.512  15.589
  18.671  19.135
            0.475000  0.475000  0.000000
  -4.367   0.490   2.224   4.508   8.558  10.529  10.773  11.950  12.402  16.034
  18.269  18.728
            0.450000  0.450000  0.000000
  -4.544   0.736   2.404   4.626   8.669  10.323  10.563  11.842  12.313  16.391
  17.752  18.459
            0.425000  0.425000  0.000000
  -4.715   0.993   2.595   4.741   8.766  10.129  10.364  11.758  12.246  16.627
  17.206  18.246
            0.400000  0.400000  0.000000
  -4.879   1.261   2.797   4.853   8.847   9.947  10.177  11.695  12.207  16.662
  16.728  18.062
            0.375000  0.375000  0.000000
  -5.036   1.537   3.006   4.957   8.908   9.773   9.994  11.649  12.180  16.130
  16.712  17.888
            0.350000  0.350000  0.000000
  -5.184   1.822   3.224   5.057   8.951   9.610   9.823  11.622  12.184  15.622
  16.611  17.743
            0.325000  0.325000  0.000000
  -5.324   2.116   3.447   5.150   8.975   9.459   9.660  11.602  12.213  15.146
  16.452  17.612
            0.300000  0.300000  0.000000
  -5.453   2.419   3.676   5.237   8.982   9.322   9.511  11.576  12.277  14.716
  16.253  17.505
            0.275000  0.275000  0.000000
  -5.575   2.730   3.906   5.314   8.975   9.193   9.369  11.523  12.355  14.342
  16.025  17.416
            0.250000  0.250000  0.000000
  -5.687   3.046   4.136   5.383   8.954   9.074   9.234  11.420  12.456  14.040
  15.779  17.345
            0.225000  0.225000  0.000000
  -5.788   3.371   4.364   5.444   8.929   8.968   9.114  11.253  12.585  13.839
  15.522  17.297
            0.200000  0.200000  0.000000
  -5.879   3.697   4.587   5.496   8.871   8.894   9.000  11.017  12.720  13.714
  15.262  17.268
            0.175000  0.175000  0.000000
  -5.960   4.024   4.801   5.540   8.787   8.857   8.897  10.730  12.878  13.663
  15.008  17.261
            0.150000  0.150000  0.000000
  -6.030   4.349   5.002   5.577   8.713   8.803   8.817  10.413  13.048  13.659
  14.767  17.273
            0.125000  0.125000  0.000000
  -6.090   4.665   5.187   5.607   8.651   8.720   8.774  10.090  13.223  13.682
  14.548  17.300
            0.100000  0.100000  0.000000
  -6.139   4.966   5.350   5.631   8.600   8.648   8.725   9.785  13.396  13.716
  14.358  17.340
            0.075000  0.075000  0.000000
  -6.177   5.238   5.484   5.649   8.560   8.589   8.666   9.523  13.554  13.750
  14.202  17.384
            0.050000  0.050000  0.000000
  -6.205   5.463   5.586   5.661   8.532   8.545   8.598   9.328  13.685  13.779
  14.086  17.424
            0.025000  0.025000  0.000000
  -6.220   5.617   5.650   5.669   8.515   8.518   8.535   9.214  13.773  13.797
  14.015  17.457
            0.000000  0.000000  0.000000
  -6.226   5.671   5.671   5.671   8.509   8.509   8.509   9.178  13.803  13.803
  13.991  17.467
            0.012500  0.012500  0.012500
  -6.224   5.648   5.668   5.668   8.514   8.514   8.515   9.192  13.796  13.796
  14.000  17.458
            0.025000  0.025000  0.025000
  -6.218   5.580   5.658   5.658   8.529   8.529   8.529   9.233  13.776  13.776
  14.027  17.429
            0.037500  0.037500  0.037500
  -6.208   5.473   5.642   5.642   8.545   8.553   8.553   9.306  13.742  13.742
  14.071  17.386
            0.050000  0.050000  0.050000
  -6.193   5.334   5.620   5.620   8.555   8.586   8.586   9.412  13.699  13.699
  14.133  17.330
            0.062500  0.062500  0.062500
  -6.175   5.170   5.593   5.593   8.554   8.627   8.627   9.548  13.646  13.646
  14.210  17.263
            0.075000  0.075000  0.075000
  -6.153   4.985   5.560   5.560   8.542   8.674   8.674   9.708  13.588  13.588
  14.301  17.187
            0.087500  0.087500  0.087500
  -6.127   4.786   5.524   5.524   8.520   8.729   8.729   9.888  13.526  13.526
  14.406  17.108
            0.100000  0.100000  0.100000
  -6.096   4.576   5.485   5.485   8.491   8.788   8.788  10.083  13.462  13.462
  14.521  17.029
            0.112500  0.112500  0.112500
  -6.062   4.357   5.443   5.443   8.456   8.851   8.851  10.288  13.400  13.400
  14.643  16.953
            0.125000  0.125000  0.125000
  -6.023   4.133   5.399   5.399   8.417   8.917   8.917  10.501  13.341  13.341
  14.769  16.886
            0.137500  0.137500  0.137500
  -5.981   3.905   5.354   5.354   8.374   8.984   8.984  10.718  13.286  13.286
  14.893  16.834
            0.150000  0.150000  0.150000
  -5.934   3.674   5.307   5.307   8.328   9.051   9.051  10.939  13.239  13.239
  15.008  16.804
            0.162500  0.162500  0.162500
  -5.884   3.442   5.260   5.260   8.281   9.117   9.117  11.163  13.201  13.201
  15.107  16.804
            0.175000  0.175000  0.175000
  -5.830   3.209   5.213   5.213   8.234   9.180   9.180  11.387  13.174  13.174
  15.180  16.842
            0.187500  0.187500  0.187500
  -5.772   2.976   5.165   5.165   8.185   9.240   9.240  11.612  13.157  13.157
  15.223  16.925
            0.200000  0.200000  0.200000
  -5.709   2.744   5.119   5.119   8.138   9.295   9.295  11.837  13.153  13.153
  15.237  17.057
            0.212500  0.212500  0.212500
  -5.645   2.513   5.073   5.073   8.086   9.344   9.344  12.060  13.161  13.161
  15.225  17.221
            0.225000  0.225000  0.225000
  -5.576   2.284   5.028   5.028   8.038   9.387   9.387  12.281  13.186  13.186
  15.196  17.417
            0.237500  0.237500  0.237500
  -5.504   2.054   4.984   4.984   7.987   9.422   9.422  12.499  13.220  13.220
  15.155  17.637
            0.250000  0.250000  0.250000
  -5.428   1.830   4.941   4.941   7.940   9.451   9.451  12.714  13.277  13.277
  15.109  17.876
            0.262500  0.262500  0.262500
  -5.349   1.609   4.900   4.900   7.895   9.473   9.473  12.924  13.349  13.349
  15.064  18.128
            0.275000  0.275000  0.275000
  -5.269   1.389   4.862   4.862   7.853   9.489   9.489  13.127  13.436  13.436
  15.023  18.389
            0.287500  0.287500  0.287500
  -5.184   1.175   4.824   4.824   7.811   9.498   9.498  13.319  13.539  13.539
  14.993  18.654
            0.300000  0.300000  0.300000
  -5.097   0.965   4.788   4.788   7.771   9.502   9.502  13.496  13.656  13.656
  14.979  18.917
            0.312500  0.312500  0.312500
  -5.007   0.760   4.755   4.755   7.734   9.500   9.500  13.651  13.787  13.787
  14.989  19.174
            0.325000  0.325000  0.325000
  -4.916   0.560   4.723   4.723   7.698   9.494   9.494  13.776  13.931  13.931
  15.030  19.415
            0.337500  0.337500  0.337500
  -4.823   0.365   4.693   4.693   7.665   9.485   9.485  13.868  14.087  14.087
  15.108  19.629
            0.350000  0.350000  0.350000
  -4.728   0.176   4.665   4.665   7.634   9.474   9.474  13.925  14.254  14.254
  15.224  19.800
            0.362500  0.362500  0.362500
  -4.634  -0.006   4.639   4.639   7.605   9.460   9.460  13.955  14.431  14.431
  15.372  19.911
            0.375000  0.375000  0.375000
  -4.540  -0.180   4.616   4.616   7.576   9.446   9.446  13.962  14.616  14.616
  15.542  19.756
            0.387500  0.387500  0.387500
  -4.446  -0.346   4.594   4.594   7.552   9.431   9.431  13.958  14.812  14.812
  15.729  19.480
            0.400000  0.400000  0.400000
  -4.353  -0.502   4.575   4.575   7.531   9.417   9.417  13.947  15.028  15.028
  15.926  19.210
            0.412500  0.412500  0.412500
  -4.266  -0.648   4.558   4.558   7.511   9.400   9.400  13.932  15.238  15.238
  16.128  18.930
            0.425000  0.425000  0.425000
  -4.183  -0.780   4.543   4.543   7.495   9.387   9.387  13.916  15.454  15.454
  16.331  18.653
            0.437500  0.437500  0.437500
  -4.104  -0.897   4.531   4.531   7.481   9.376   9.376  13.902  15.679  15.679
  16.532  18.391
            0.450000  0.450000  0.450000
  -4.038  -0.999   4.521   4.521   7.470   9.366   9.366  13.888  15.903  15.903
  16.722  18.124
            0.462500  0.462500  0.462500
  -3.982  -1.081   4.513   4.513   7.461   9.358   9.358  13.876  16.126  16.126
  16.896  17.868
            0.475000  0.475000  0.475000
  -3.941  -1.142   4.507   4.507   7.448   9.353   9.353  13.868  16.339  16.339
  17.038  17.630
            0.487500  0.487500  0.487500
  -3.915  -1.180   4.504   4.504   7.444   9.349   9.349  13.863  16.517  16.517
  17.138  17.437
            0.500000  0.500000  0.500000
  -3.906  -1.192   4.503   4.503   7.443   9.348   9.348  13.861  16.597  16.597
  17.174  17.353
