#  
#   T (K)        V_T(T) (a.u.)^3        B_0(T) (kbar)     dB0/dp       free energy (Ry) 
 0.10000E+01   0.1043550368648E+03   0.8176400061900E+03   0.4847676481080E+01  -0.4188204180284E+01
 0.40000E+01   0.1043550247456E+03   0.8176383820460E+03   0.4847942036760E+01  -0.4188204185624E+01
 0.70000E+01   0.1043550197715E+03   0.8176426146105E+03   0.4848019743854E+01  -0.4188204199324E+01
 0.10000E+02   0.1043550353142E+03   0.8176417914339E+03   0.4847692376607E+01  -0.4188204218739E+01
 0.13000E+02   0.1043550107186E+03   0.8176485869327E+03   0.4848085854565E+01  -0.4188204250538E+01
 0.16000E+02   0.1043550177629E+03   0.8176439032108E+03   0.4847983549667E+01  -0.4188204281356E+01
 0.19000E+02   0.1043550378095E+03   0.8176471079723E+03   0.4847616467503E+01  -0.4188204322241E+01
 0.22000E+02   0.1043550360771E+03   0.8176494700452E+03   0.4847677794470E+01  -0.4188204371088E+01
 0.25000E+02   0.1043550254238E+03   0.8176434803935E+03   0.4847943191542E+01  -0.4188204423051E+01
 0.28000E+02   0.1043550243326E+03   0.8176510831293E+03   0.4847812283376E+01  -0.4188204484911E+01
 0.31000E+02   0.1043550251867E+03   0.8176378602593E+03   0.4848209707095E+01  -0.4188204548864E+01
 0.34000E+02   0.1043550018781E+03   0.8176461211822E+03   0.4848232802389E+01  -0.4188204628069E+01
 0.37000E+02   0.1043550264358E+03   0.8176562812770E+03   0.4847875165963E+01  -0.4188204711478E+01
 0.40000E+02   0.1043550011228E+03   0.8176546126422E+03   0.4848215337961E+01  -0.4188204801903E+01
 0.43000E+02   0.1043550193577E+03   0.8176553994434E+03   0.4847968829330E+01  -0.4188204898292E+01
 0.46000E+02   0.1043549711755E+03   0.8176433693754E+03   0.4848882011801E+01  -0.4188204995453E+01
 0.49000E+02   0.1043549845090E+03   0.8176507444241E+03   0.4848748996529E+01  -0.4188205109426E+01
 0.52000E+02   0.1043549692503E+03   0.8176541076918E+03   0.4848878461232E+01  -0.4188205223387E+01
 0.55000E+02   0.1043549954761E+03   0.8176624377233E+03   0.4848463818688E+01  -0.4188205350288E+01
 0.58000E+02   0.1043549869997E+03   0.8176590743998E+03   0.4848599851272E+01  -0.4188205480301E+01
 0.61000E+02   0.1043549672357E+03   0.8176599710479E+03   0.4848934966406E+01  -0.4188205617006E+01
 0.64000E+02   0.1043549840193E+03   0.8176660793228E+03   0.4848743425398E+01  -0.4188205765463E+01
 0.67000E+02   0.1043549662097E+03   0.8176754959204E+03   0.4848769193700E+01  -0.4188205916909E+01
 0.70000E+02   0.1043549424174E+03   0.8176605210634E+03   0.4849476252694E+01  -0.4188206068938E+01
 0.73000E+02   0.1043549217016E+03   0.8176725848693E+03   0.4849657079076E+01  -0.4188206241550E+01
 0.76000E+02   0.1043549355951E+03   0.8176755903035E+03   0.4849497019612E+01  -0.4188206410238E+01
 0.79000E+02   0.1043549057049E+03   0.8176739249734E+03   0.4849791794113E+01  -0.4188206587061E+01
 0.82000E+02   0.1043548855281E+03   0.8176824808352E+03   0.4850105836771E+01  -0.4188206778679E+01
 0.85000E+02   0.1043548751280E+03   0.8176763246428E+03   0.4850362483959E+01  -0.4188206967707E+01
 0.88000E+02   0.1043548843286E+03   0.8176838422346E+03   0.4850182307667E+01  -0.4188207168670E+01
 0.91000E+02   0.1043548794675E+03   0.8176861513209E+03   0.4850396490884E+01  -0.4188207374454E+01
 0.94000E+02   0.1043548568706E+03   0.8176934658143E+03   0.4850669203087E+01  -0.4188207592532E+01
 0.97000E+02   0.1043548466027E+03   0.8176943676208E+03   0.4850822160133E+01  -0.4188207813657E+01
 0.10000E+03   0.1043548275016E+03   0.8176899817587E+03   0.4851255922854E+01  -0.4188208038083E+01
 0.10300E+03   0.1043548216475E+03   0.8176880332868E+03   0.4851522772375E+01  -0.4188208272040E+01
 0.10600E+03   0.1043548347299E+03   0.8177045005375E+03   0.4851220637215E+01  -0.4188208521021E+01
 0.10900E+03   0.1043548035495E+03   0.8176994422999E+03   0.4851802384005E+01  -0.4188208764637E+01
 0.11200E+03   0.1043547990070E+03   0.8177049718072E+03   0.4851806424285E+01  -0.4188209020780E+01
 0.11500E+03   0.1043547967280E+03   0.8177039003100E+03   0.4851849587777E+01  -0.4188209279095E+01
 0.11800E+03   0.1043547798923E+03   0.8177197775586E+03   0.4852000737199E+01  -0.4188209554517E+01
 0.12100E+03   0.1043547843657E+03   0.8177220911953E+03   0.4852229981543E+01  -0.4188209827713E+01
 0.12400E+03   0.1043547724430E+03   0.8177200450936E+03   0.4852398278523E+01  -0.4188210111964E+01
 0.12700E+03   0.1043547614382E+03   0.8177260304455E+03   0.4852559448107E+01  -0.4188210402750E+01
 0.13000E+03   0.1043547190850E+03   0.8177367865943E+03   0.4853089565162E+01  -0.4188210704464E+01
 0.13300E+03   0.1043547252556E+03   0.8177381715370E+03   0.4853203012571E+01  -0.4188211006416E+01
 0.13600E+03   0.1043547124527E+03   0.8177386188711E+03   0.4853320100828E+01  -0.4188211312836E+01
 0.13900E+03   0.1043546973871E+03   0.8177466998403E+03   0.4853638549232E+01  -0.4188211634687E+01
 0.14200E+03   0.1043546833741E+03   0.8177487061185E+03   0.4853806271571E+01  -0.4188211955561E+01
 0.14500E+03   0.1043546842011E+03   0.8177525439429E+03   0.4853978704887E+01  -0.4188212291438E+01
 0.14800E+03   0.1043546475620E+03   0.8177597115003E+03   0.4854588271236E+01  -0.4188212629465E+01
 0.15100E+03   0.1043546505902E+03   0.8177644872175E+03   0.4854582995849E+01  -0.4188212977822E+01
 0.15400E+03   0.1043545976938E+03   0.8177721153658E+03   0.4855341909652E+01  -0.4188213329484E+01
 0.15700E+03   0.1043546261844E+03   0.8177750119582E+03   0.4855001051835E+01  -0.4188213686785E+01
 0.16000E+03   0.1043546178865E+03   0.8177815334860E+03   0.4855319430758E+01  -0.4188214054302E+01
 0.16300E+03   0.1043545792558E+03   0.8177798918156E+03   0.4856042599772E+01  -0.4188214427116E+01
 0.16600E+03   0.1043545614365E+03   0.8177950605006E+03   0.4856088162894E+01  -0.4188214810281E+01
 0.16900E+03   0.1043545356415E+03   0.8177897076053E+03   0.4856704717632E+01  -0.4188215195142E+01
 0.17200E+03   0.1043545601296E+03   0.8178049171715E+03   0.4856262209431E+01  -0.4188215589661E+01
 0.17500E+03   0.1043545181718E+03   0.8178040629652E+03   0.4856932921953E+01  -0.4188215989196E+01
 0.17800E+03   0.1043545276019E+03   0.8178136750676E+03   0.4857031987055E+01  -0.4188216402187E+01
 0.18100E+03   0.1043545140203E+03   0.8178202007627E+03   0.4857216488853E+01  -0.4188216811961E+01
 0.18400E+03   0.1043544986358E+03   0.8178262329620E+03   0.4857558587667E+01  -0.4188217234470E+01
 0.18700E+03   0.1043544828216E+03   0.8178304867784E+03   0.4858022189592E+01  -0.4188217664222E+01
 0.19000E+03   0.1043544634032E+03   0.8178399230312E+03   0.4858301168898E+01  -0.4188218102120E+01
 0.19300E+03   0.1043544290614E+03   0.8178282792668E+03   0.4858967731412E+01  -0.4188218536655E+01
 0.19600E+03   0.1043544076439E+03   0.8178417007673E+03   0.4859385321019E+01  -0.4188218989156E+01
 0.19900E+03   0.1043543909033E+03   0.8178519426255E+03   0.4859717892068E+01  -0.4188219445962E+01
 0.20200E+03   0.1043544045467E+03   0.8178654817472E+03   0.4859390321402E+01  -0.4188219911296E+01
 0.20500E+03   0.1043543766654E+03   0.8178704599017E+03   0.4860014646733E+01  -0.4188220382168E+01
 0.20800E+03   0.1043543496214E+03   0.8178611838676E+03   0.4860743259982E+01  -0.4188220853665E+01
 0.21100E+03   0.1043543298077E+03   0.8178732891942E+03   0.4861131442191E+01  -0.4188221340850E+01
 0.21400E+03   0.1043543398456E+03   0.8178926229195E+03   0.4860885960380E+01  -0.4188221834993E+01
 0.21700E+03   0.1043543146875E+03   0.8178875458317E+03   0.4861485291145E+01  -0.4188222328818E+01
 0.22000E+03   0.1043542983383E+03   0.8178972457964E+03   0.4861778340042E+01  -0.4188222834480E+01
 0.22300E+03   0.1043542832930E+03   0.8179104026240E+03   0.4862155003790E+01  -0.4188223348589E+01
 0.22600E+03   0.1043542869440E+03   0.8179128552464E+03   0.4862223255739E+01  -0.4188223862257E+01
 0.22900E+03   0.1043542610101E+03   0.8179158197070E+03   0.4862714793342E+01  -0.4188224386997E+01
 0.23200E+03   0.1043542612131E+03   0.8179252359192E+03   0.4862874763575E+01  -0.4188224920092E+01
 0.23500E+03   0.1043542395665E+03   0.8179333784816E+03   0.4863384229202E+01  -0.4188225459717E+01
 0.23800E+03   0.1043542144378E+03   0.8179448814792E+03   0.4863868910999E+01  -0.4188226004746E+01
 0.24100E+03   0.1043541843874E+03   0.8179480693038E+03   0.4864399883076E+01  -0.4188226560575E+01
 0.24400E+03   0.1043541977446E+03   0.8179639384227E+03   0.4864248108713E+01  -0.4188227121800E+01
 0.24700E+03   0.1043541784188E+03   0.8179623017339E+03   0.4864867241481E+01  -0.4188227685402E+01
 0.25000E+03   0.1043541556356E+03   0.8179804549898E+03   0.4865127527121E+01  -0.4188228261992E+01
 0.25300E+03   0.1043541511914E+03   0.8179813513095E+03   0.4865527205428E+01  -0.4188228838982E+01
 0.25600E+03   0.1043541255824E+03   0.8179892749402E+03   0.4866135438492E+01  -0.4188229425325E+01
 0.25900E+03   0.1043541151891E+03   0.8179964630526E+03   0.4866358551963E+01  -0.4188230018580E+01
 0.26200E+03   0.1043541153920E+03   0.8180053737351E+03   0.4866682383551E+01  -0.4188230618371E+01
 0.26500E+03   0.1043540938816E+03   0.8180110708588E+03   0.4867144430831E+01  -0.4188231228898E+01
 0.26800E+03   0.1043540652293E+03   0.8180190330926E+03   0.4867614240280E+01  -0.4188231840507E+01
 0.27100E+03   0.1043540434837E+03   0.8180309221541E+03   0.4868193783979E+01  -0.4188232465574E+01
 0.27400E+03   0.1043540202047E+03   0.8180337627310E+03   0.4868748907181E+01  -0.4188233089596E+01
 0.27700E+03   0.1043540376193E+03   0.8180488582912E+03   0.4868734044949E+01  -0.4188233731834E+01
 0.28000E+03   0.1043540091990E+03   0.8180465386830E+03   0.4869414110239E+01  -0.4188234365077E+01
 0.28300E+03   0.1043539880580E+03   0.8180595474845E+03   0.4869867023060E+01  -0.4188235018442E+01
 0.28600E+03   0.1043539939169E+03   0.8180682985878E+03   0.4870025570201E+01  -0.4188235676686E+01
 0.28900E+03   0.1043539697488E+03   0.8180806933931E+03   0.4870645959168E+01  -0.4188236336790E+01
 0.29200E+03   0.1043539754388E+03   0.8180888081773E+03   0.4870834338706E+01  -0.4188237005928E+01
 0.29500E+03   0.1043539670296E+03   0.8181046853534E+03   0.4871004078683E+01  -0.4188237683530E+01
 0.29800E+03   0.1043539439817E+03   0.8181040709101E+03   0.4871606374797E+01  -0.4188238363294E+01
 0.30100E+03   0.1043539261098E+03   0.8181150527586E+03   0.4872240868340E+01  -0.4188239056849E+01
 0.30400E+03   0.1043539185376E+03   0.8181294931434E+03   0.4872419881171E+01  -0.4188239755522E+01
 0.30700E+03   0.1043539378185E+03   0.8181472803847E+03   0.4872471394813E+01  -0.4188240461464E+01
 0.31000E+03   0.1043538895742E+03   0.8181448731676E+03   0.4873272545343E+01  -0.4188241165549E+01
 0.31300E+03   0.1043538887732E+03   0.8181561674603E+03   0.4873708589838E+01  -0.4188241888631E+01
 0.31600E+03   0.1043538832467E+03   0.8181630131127E+03   0.4874043690870E+01  -0.4188242607645E+01
 0.31900E+03   0.1043538699974E+03   0.8181709923074E+03   0.4874516581244E+01  -0.4188243337604E+01
 0.32200E+03   0.1043538444729E+03   0.8181892290832E+03   0.4875166963552E+01  -0.4188244080336E+01
 0.32500E+03   0.1043538592991E+03   0.8181997737252E+03   0.4875160724945E+01  -0.4188244824197E+01
 0.32800E+03   0.1043538535229E+03   0.8182028895790E+03   0.4875783626949E+01  -0.4188245573839E+01
 0.33100E+03   0.1043538261678E+03   0.8182096523622E+03   0.4876467304286E+01  -0.4188246330584E+01
 0.33400E+03   0.1043538355826E+03   0.8182267800179E+03   0.4876527158457E+01  -0.4188247096613E+01
 0.33700E+03   0.1043538472707E+03   0.8182350768774E+03   0.4876648092263E+01  -0.4188247869424E+01
 0.34000E+03   0.1043537952498E+03   0.8182370835911E+03   0.4877798745440E+01  -0.4188248643361E+01
 0.34300E+03   0.1043538194834E+03   0.8182611002118E+03   0.4877725656988E+01  -0.4188249436605E+01
 0.34600E+03   0.1043537931122E+03   0.8182567935887E+03   0.4878540477790E+01  -0.4188250221624E+01
 0.34900E+03   0.1043537892513E+03   0.8182723221671E+03   0.4878916491448E+01  -0.4188251021108E+01
 0.35200E+03   0.1043538009923E+03   0.8182874172947E+03   0.4878909997106E+01  -0.4188251829739E+01
 0.35500E+03   0.1043537616708E+03   0.8182931574836E+03   0.4880055173094E+01  -0.4188252642567E+01
 0.35800E+03   0.1043537739028E+03   0.8183016207466E+03   0.4880133575281E+01  -0.4188253459115E+01
 0.36100E+03   0.1043537595581E+03   0.8183080911227E+03   0.4880743627423E+01  -0.4188254283964E+01
 0.36400E+03   0.1043537698231E+03   0.8183298772433E+03   0.4880867970052E+01  -0.4188255124811E+01
 0.36700E+03   0.1043537690622E+03   0.8183453408135E+03   0.4881255210389E+01  -0.4188255964651E+01
 0.37000E+03   0.1043537558307E+03   0.8183437981451E+03   0.4881924644502E+01  -0.4188256805921E+01
 0.37300E+03   0.1043537639046E+03   0.8183624180737E+03   0.4882266303319E+01  -0.4188257662361E+01
 0.37600E+03   0.1043537392282E+03   0.8183684890867E+03   0.4883032750744E+01  -0.4188258520309E+01
 0.37900E+03   0.1043537395800E+03   0.8183763765124E+03   0.4883384742106E+01  -0.4188259386523E+01
 0.38200E+03   0.1043537580017E+03   0.8183935802477E+03   0.4883532016119E+01  -0.4188260263011E+01
 0.38500E+03   0.1043537647544E+03   0.8184041149768E+03   0.4883831348403E+01  -0.4188261145239E+01
 0.38800E+03   0.1043537516085E+03   0.8184191477210E+03   0.4884362686722E+01  -0.4188262031527E+01
 0.39100E+03   0.1043537586947E+03   0.8184225277123E+03   0.4884817382797E+01  -0.4188262923127E+01
 0.39400E+03   0.1043537591430E+03   0.8184419457112E+03   0.4885106520225E+01  -0.4188263827107E+01
 0.39700E+03   0.1043537433141E+03   0.8184506971695E+03   0.4885868605715E+01  -0.4188264734369E+01
 0.40000E+03   0.1043537456078E+03   0.8184505690463E+03   0.4886496032253E+01  -0.4188265643876E+01
 0.40300E+03   0.1043537696587E+03   0.8184691156821E+03   0.4886466252084E+01  -0.4188266566888E+01
 0.40600E+03   0.1043537426032E+03   0.8184795913680E+03   0.4887399097849E+01  -0.4188267495842E+01
 0.40900E+03   0.1043537387310E+03   0.8184969839247E+03   0.4887690721377E+01  -0.4188268434063E+01
 0.41200E+03   0.1043537413263E+03   0.8185001137870E+03   0.4888390276534E+01  -0.4188269372070E+01
 0.41500E+03   0.1043537673011E+03   0.8185208016999E+03   0.4888435312616E+01  -0.4188270322196E+01
 0.41800E+03   0.1043537479889E+03   0.8185299576462E+03   0.4889222763699E+01  -0.4188271274874E+01
 0.42100E+03   0.1043537517040E+03   0.8185370442704E+03   0.4889747044634E+01  -0.4188272237983E+01
 0.42400E+03   0.1043538012980E+03   0.8185515814567E+03   0.4889564791081E+01  -0.4188273204019E+01
 0.42700E+03   0.1043537914624E+03   0.8185652694670E+03   0.4890227696203E+01  -0.4188274179505E+01
 0.43000E+03   0.1043537991269E+03   0.8185778351648E+03   0.4890546019082E+01  -0.4188275160377E+01
 0.43300E+03   0.1043537955752E+03   0.8185748699470E+03   0.4891315286108E+01  -0.4188276143729E+01
 0.43600E+03   0.1043538050543E+03   0.8185966716782E+03   0.4891621112039E+01  -0.4188277145277E+01
 0.43900E+03   0.1043538095095E+03   0.8186077611124E+03   0.4892182603873E+01  -0.4188278146777E+01
 0.44200E+03   0.1043538317761E+03   0.8186168789575E+03   0.4892645537072E+01  -0.4188279154509E+01
 0.44500E+03   0.1043538272146E+03   0.8186336132563E+03   0.4893124491208E+01  -0.4188280168940E+01
 0.44800E+03   0.1043538432324E+03   0.8186556642788E+03   0.4893337676296E+01  -0.4188281196257E+01
 0.45100E+03   0.1043538495220E+03   0.8186520489153E+03   0.4894098903987E+01  -0.4188282219012E+01
 0.45400E+03   0.1043538510353E+03   0.8186678677635E+03   0.4894452302591E+01  -0.4188283254374E+01
 0.45700E+03   0.1043538568045E+03   0.8186816043022E+03   0.4895070792120E+01  -0.4188284298485E+01
 0.46000E+03   0.1043539051324E+03   0.8186904382963E+03   0.4895093501459E+01  -0.4188285346509E+01
 0.46300E+03   0.1043539131966E+03   0.8187042533181E+03   0.4895703988295E+01  -0.4188286401709E+01
 0.46600E+03   0.1043539263143E+03   0.8187119814056E+03   0.4896249858833E+01  -0.4188287461658E+01
 0.46900E+03   0.1043539269000E+03   0.8187265493098E+03   0.4896773476274E+01  -0.4188288528678E+01
 0.47200E+03   0.1043539424348E+03   0.8187383606060E+03   0.4897222593654E+01  -0.4188289606298E+01
 0.47500E+03   0.1043539437725E+03   0.8187539364674E+03   0.4897811579209E+01  -0.4188290689386E+01
 0.47800E+03   0.1043540028098E+03   0.8187713390994E+03   0.4897543197466E+01  -0.4188291781485E+01
 0.48100E+03   0.1043539816220E+03   0.8187755236288E+03   0.4898640335732E+01  -0.4188292876210E+01
 0.48400E+03   0.1043540210943E+03   0.8187957727944E+03   0.4898756139619E+01  -0.4188293979233E+01
 0.48700E+03   0.1043540585977E+03   0.8188063508272E+03   0.4899019705901E+01  -0.4188295085516E+01
 0.49000E+03   0.1043540489092E+03   0.8188150056849E+03   0.4899719874698E+01  -0.4188296202250E+01
 0.49300E+03   0.1043540852644E+03   0.8188313105091E+03   0.4899943613415E+01  -0.4188297322153E+01
 0.49600E+03   0.1043540856277E+03   0.8188466784986E+03   0.4900639991360E+01  -0.4188298453104E+01
 0.49900E+03   0.1043541275145E+03   0.8188497456143E+03   0.4901078917413E+01  -0.4188299584757E+01
 0.50200E+03   0.1043541743294E+03   0.8188714208979E+03   0.4900903077874E+01  -0.4188300729994E+01
 0.50500E+03   0.1043541842987E+03   0.8188834194268E+03   0.4901492027948E+01  -0.4188301876109E+01
 0.50800E+03   0.1043541992443E+03   0.8188940164155E+03   0.4902150430358E+01  -0.4188303034289E+01
 0.51100E+03   0.1043542126324E+03   0.8189037525581E+03   0.4902700518756E+01  -0.4188304192528E+01
 0.51400E+03   0.1043542585136E+03   0.8189169494011E+03   0.4902877390024E+01  -0.4188305364013E+01
 0.51700E+03   0.1043542446863E+03   0.8189305875906E+03   0.4903881118329E+01  -0.4188306539169E+01
 0.52000E+03   0.1043543097550E+03   0.8189509571958E+03   0.4903680055169E+01  -0.4188307721432E+01
 0.52300E+03   0.1043543091297E+03   0.8189608091037E+03   0.4904603916369E+01  -0.4188308909769E+01
 0.52600E+03   0.1043543645243E+03   0.8189729939340E+03   0.4904653858799E+01  -0.4188310106551E+01
 0.52900E+03   0.1043543918854E+03   0.8189904280440E+03   0.4905063587216E+01  -0.4188311309770E+01
 0.53200E+03   0.1043544058287E+03   0.8189915246875E+03   0.4905852244821E+01  -0.4188312513959E+01
 0.53500E+03   0.1043544574927E+03   0.8190154527522E+03   0.4905847005947E+01  -0.4188313729928E+01
 0.53800E+03   0.1043544731610E+03   0.8190233160484E+03   0.4906719855273E+01  -0.4188314952690E+01
 0.54100E+03   0.1043545108180E+03   0.8190358572042E+03   0.4906861493267E+01  -0.4188316177496E+01
 0.54400E+03   0.1043545404943E+03   0.8190509231804E+03   0.4907417320462E+01  -0.4188317414918E+01
 0.54700E+03   0.1043545651168E+03   0.8190647198940E+03   0.4907885308973E+01  -0.4188318656021E+01
 0.55000E+03   0.1043545841097E+03   0.8190682529332E+03   0.4908641564942E+01  -0.4188319900646E+01
 0.55300E+03   0.1043546232820E+03   0.8190882658608E+03   0.4908975973337E+01  -0.4188321156203E+01
 0.55600E+03   0.1043546557927E+03   0.8190914896996E+03   0.4909464832311E+01  -0.4188322416049E+01
 0.55900E+03   0.1043547138691E+03   0.8191154957583E+03   0.4909484238144E+01  -0.4188323687941E+01
 0.56200E+03   0.1043547625396E+03   0.8191345629343E+03   0.4909898180705E+01  -0.4188324964661E+01
 0.56500E+03   0.1043547711608E+03   0.8191371273477E+03   0.4910695023142E+01  -0.4188326242618E+01
 0.56800E+03   0.1043548302828E+03   0.8191554503768E+03   0.4910836019013E+01  -0.4188327530309E+01
 0.57100E+03   0.1043548753238E+03   0.8191662217972E+03   0.4911179252454E+01  -0.4188328823794E+01
 0.57400E+03   0.1043548862652E+03   0.8191771245291E+03   0.4912063037195E+01  -0.4188330122375E+01
 0.57700E+03   0.1043549366277E+03   0.8191881342682E+03   0.4912296919590E+01  -0.4188331431122E+01
 0.58000E+03   0.1043549790940E+03   0.8191993585264E+03   0.4912922125938E+01  -0.4188332742989E+01
 0.58300E+03   0.1043550431158E+03   0.8192136785850E+03   0.4912952695793E+01  -0.4188334060573E+01
 0.58600E+03   0.1043550453994E+03   0.8192248213526E+03   0.4913916818399E+01  -0.4188335388288E+01
 0.58900E+03   0.1043551267654E+03   0.8192396429375E+03   0.4913841587577E+01  -0.4188336721738E+01
 0.59200E+03   0.1043551531857E+03   0.8192530827568E+03   0.4914561299027E+01  -0.4188338060138E+01
 0.59500E+03   0.1043552090428E+03   0.8192682777522E+03   0.4914834268608E+01  -0.4188339405227E+01
 0.59800E+03   0.1043552638631E+03   0.8192826893646E+03   0.4915060949486E+01  -0.4188340760801E+01
 0.60100E+03   0.1043552864872E+03   0.8192919427581E+03   0.4915984318707E+01  -0.4188342122793E+01
 0.60400E+03   0.1043553656137E+03   0.8193082725398E+03   0.4915876909097E+01  -0.4188343483439E+01
 0.60700E+03   0.1043554070490E+03   0.8193188379248E+03   0.4916352060532E+01  -0.4188344861003E+01
 0.61000E+03   0.1043554397800E+03   0.8193268957274E+03   0.4917277014141E+01  -0.4188346234674E+01
 0.61300E+03   0.1043555230069E+03   0.8193533792216E+03   0.4917008488971E+01  -0.4188347626415E+01
 0.61600E+03   0.1043555605718E+03   0.8193527679274E+03   0.4917865872268E+01  -0.4188349011269E+01
 0.61900E+03   0.1043556250679E+03   0.8193747025724E+03   0.4917928601960E+01  -0.4188350414203E+01
 0.62200E+03   0.1043556578531E+03   0.8193840312028E+03   0.4918727759838E+01  -0.4188351818696E+01
 0.62500E+03   0.1043557217588E+03   0.8194004739322E+03   0.4918917186062E+01  -0.4188353231644E+01
 0.62800E+03   0.1043557853214E+03   0.8194165491276E+03   0.4919265836656E+01  -0.4188354651905E+01
 0.63100E+03   0.1043558286544E+03   0.8194278852203E+03   0.4919808269064E+01  -0.4188356074886E+01
 0.63400E+03   0.1043558994630E+03   0.8194393663777E+03   0.4920163345915E+01  -0.4188357503921E+01
 0.63700E+03   0.1043559673803E+03   0.8194529715185E+03   0.4920448041086E+01  -0.4188358940981E+01
 0.64000E+03   0.1043560180365E+03   0.8194712774544E+03   0.4920724250114E+01  -0.4188360386752E+01
 0.64300E+03   0.1043560976649E+03   0.8194780755615E+03   0.4921006382706E+01  -0.4188361835585E+01
 0.64600E+03   0.1043561689716E+03   0.8195019744792E+03   0.4921202251245E+01  -0.4188363296831E+01
 0.64900E+03   0.1043562056688E+03   0.8195064124568E+03   0.4921993447358E+01  -0.4188364756132E+01
 0.65200E+03   0.1043562763475E+03   0.8195178109627E+03   0.4922404164365E+01  -0.4188366223243E+01
 0.65500E+03   0.1043563482449E+03   0.8195402763107E+03   0.4922552441099E+01  -0.4188367703681E+01
 0.65800E+03   0.1043563806057E+03   0.8195471094001E+03   0.4923462273250E+01  -0.4188369184241E+01
 0.66100E+03   0.1043564626880E+03   0.8195609494546E+03   0.4923602893765E+01  -0.4188370673785E+01
 0.66400E+03   0.1043565287483E+03   0.8195647028404E+03   0.4924245329887E+01  -0.4188372167296E+01
 0.66700E+03   0.1043566217799E+03   0.8195801803439E+03   0.4924206024555E+01  -0.4188373666775E+01
 0.67000E+03   0.1043566408096E+03   0.8195959366813E+03   0.4925181521626E+01  -0.4188375179376E+01
 0.67300E+03   0.1043567380593E+03   0.8196081608250E+03   0.4925207682423E+01  -0.4188376694341E+01
 0.67600E+03   0.1043568268958E+03   0.8196287574809E+03   0.4925267737854E+01  -0.4188378216582E+01
 0.67900E+03   0.1043568927614E+03   0.8196362908643E+03   0.4925872179923E+01  -0.4188379740629E+01
 0.68200E+03   0.1043569714033E+03   0.8196501108165E+03   0.4926179736355E+01  -0.4188381278133E+01
 0.68500E+03   0.1043570399650E+03   0.8196599660618E+03   0.4926526822425E+01  -0.4188382818992E+01
 0.68800E+03   0.1043571042583E+03   0.8196716308797E+03   0.4927229301897E+01  -0.4188384365191E+01
 0.69100E+03   0.1043571983203E+03   0.8196860276737E+03   0.4927168980536E+01  -0.4188385918815E+01
 0.69400E+03   0.1043572503316E+03   0.8196998410358E+03   0.4927993968790E+01  -0.4188387481434E+01
 0.69700E+03   0.1043573357942E+03   0.8197111451571E+03   0.4928314574949E+01  -0.4188389043772E+01
 0.70000E+03   0.1043574223214E+03   0.8197295745367E+03   0.4928378250087E+01  -0.4188390618265E+01
 0.70300E+03   0.1043574813244E+03   0.8197342888789E+03   0.4929311108608E+01  -0.4188392196717E+01
 0.70600E+03   0.1043575873177E+03   0.8197494081891E+03   0.4929169044374E+01  -0.4188393781198E+01
 0.70900E+03   0.1043576488986E+03   0.8197639066092E+03   0.4929921745637E+01  -0.4188395374133E+01
 0.71200E+03   0.1043577336087E+03   0.8197800717480E+03   0.4930266789485E+01  -0.4188396974644E+01
 0.71500E+03   0.1043578427730E+03   0.8197910428411E+03   0.4930227389716E+01  -0.4188398578837E+01
 0.71800E+03   0.1043579121842E+03   0.8198019357875E+03   0.4930751694017E+01  -0.4188400189881E+01
 0.72100E+03   0.1043580112101E+03   0.8198153350142E+03   0.4931004899446E+01  -0.4188401807670E+01
 0.72400E+03   0.1043580975421E+03   0.8198356432001E+03   0.4931137350807E+01  -0.4188403434273E+01
 0.72700E+03   0.1043581870036E+03   0.8198402563024E+03   0.4931627028064E+01  -0.4188405060193E+01
 0.73000E+03   0.1043582634336E+03   0.8198497140123E+03   0.4932244336033E+01  -0.4188406693893E+01
 0.73300E+03   0.1043583307365E+03   0.8198639101173E+03   0.4932806110001E+01  -0.4188408340974E+01
 0.73600E+03   0.1043584421456E+03   0.8198779795752E+03   0.4932965366044E+01  -0.4188409992152E+01
 0.73900E+03   0.1043585417218E+03   0.8198938323881E+03   0.4933333085542E+01  -0.4188411648003E+01
 0.74200E+03   0.1043585926849E+03   0.8199075324762E+03   0.4934076748499E+01  -0.4188413311425E+01
 0.74500E+03   0.1043587406150E+03   0.8199226211851E+03   0.4933633749026E+01  -0.4188414979709E+01
 0.74800E+03   0.1043588115615E+03   0.8199271359065E+03   0.4934511084302E+01  -0.4188416652045E+01
 0.75100E+03   0.1043588922335E+03   0.8199330416596E+03   0.4935181712646E+01  -0.4188418331113E+01
 0.75400E+03   0.1043590320981E+03   0.8199561026201E+03   0.4934708538552E+01  -0.4188420021327E+01
 0.75700E+03   0.1043590852617E+03   0.8199616429742E+03   0.4935659209490E+01  -0.4188421714556E+01
 0.76000E+03   0.1043591976770E+03   0.8199768933749E+03   0.4935885440579E+01  -0.4188423416227E+01
 0.76300E+03   0.1043593006013E+03   0.8199912954366E+03   0.4936254484671E+01  -0.4188425124867E+01
 0.76600E+03   0.1043593772240E+03   0.8200065954205E+03   0.4936800595379E+01  -0.4188426839009E+01
 0.76900E+03   0.1043594938644E+03   0.8200105629835E+03   0.4937147004058E+01  -0.4188428553726E+01
 0.77200E+03   0.1043595919636E+03   0.8200221811604E+03   0.4937489781718E+01  -0.4188430278897E+01
 0.77500E+03   0.1043597049740E+03   0.8200390355147E+03   0.4937612392613E+01  -0.4188432010865E+01
 0.77800E+03   0.1043598187904E+03   0.8200515825994E+03   0.4937969659321E+01  -0.4188433753086E+01
 0.78100E+03   0.1043599282911E+03   0.8200637641960E+03   0.4938216464630E+01  -0.4188435497483E+01
 0.78400E+03   0.1043600329463E+03   0.8200737769246E+03   0.4938642575939E+01  -0.4188437247026E+01
 0.78700E+03   0.1043601325347E+03   0.8200854664949E+03   0.4939017250277E+01  -0.4188439005078E+01
 0.79000E+03   0.1043602418229E+03   0.8201006939158E+03   0.4939213384870E+01  -0.4188440770193E+01
 0.79300E+03   0.1043603622510E+03   0.8201103379264E+03   0.4939536466797E+01  -0.4188442538287E+01
 0.79600E+03   0.1043604559754E+03   0.8201224020133E+03   0.4940203215709E+01  -0.4188444314144E+01
 0.79900E+03   0.1043605713703E+03   0.8201317293853E+03   0.4940491664341E+01  -0.4188446094428E+01
