#  Re(w)     Im(w)  em111          em122          em133          em112          em113          em123
   0.05000   0.01000 -0.9665852E-03 -0.9665852E-03 -0.9665852E-03  0.0000000E+00  0.0000000E+00  0.0000000E+00
   0.06566   0.01000 -0.1288943E-02 -0.1288943E-02 -0.1288943E-02  0.0000000E+00  0.0000000E+00  0.0000000E+00
   0.08131   0.01000 -0.1630318E-02 -0.1630318E-02 -0.1630318E-02  0.0000000E+00  0.0000000E+00  0.0000000E+00
   0.09697   0.01000 -0.2000059E-02 -0.2000059E-02 -0.2000059E-02  0.0000000E+00  0.0000000E+00  0.0000000E+00
   0.11263   0.01000 -0.2413340E-02 -0.2413340E-02 -0.2413340E-02  0.0000000E+00  0.0000000E+00  0.0000000E+00
   0.12828   0.01000 -0.2897605E-02 -0.2897605E-02 -0.2897605E-02  0.0000000E+00  0.0000000E+00  0.0000000E+00
   0.14394   0.01000 -0.3509893E-02 -0.3509893E-02 -0.3509893E-02  0.0000000E+00  0.0000000E+00  0.0000000E+00
   0.15960   0.01000 -0.4392554E-02 -0.4392554E-02 -0.4392554E-02  0.0000000E+00  0.0000000E+00  0.0000000E+00
   0.17525   0.01000 -0.6008568E-02 -0.6008568E-02 -0.6008568E-02  0.0000000E+00  0.0000000E+00  0.0000000E+00
   0.19091   0.01000 -0.1062096E-01 -0.1062096E-01 -0.1062096E-01  0.0000000E+00  0.0000000E+00  0.0000000E+00
   0.20657   0.01000 -0.3008135E-01 -0.3008135E-01 -0.3008135E-01  0.0000000E+00  0.0000000E+00  0.0000000E+00
   0.22222   0.01000 -0.1918468E-01 -0.1918468E-01 -0.1918468E-01  0.0000000E+00  0.0000000E+00  0.0000000E+00
   0.23788   0.01000 -0.1284137E-01 -0.1284137E-01 -0.1284137E-01  0.0000000E+00  0.0000000E+00  0.0000000E+00
   0.25354   0.01000 -0.1406819E-01 -0.1406819E-01 -0.1406819E-01  0.0000000E+00  0.0000000E+00  0.0000000E+00
   0.26919   0.01000 -0.1825571E-01 -0.1825571E-01 -0.1825571E-01  0.0000000E+00  0.0000000E+00  0.0000000E+00
   0.28485   0.01000 -0.1921017E-01 -0.1921017E-01 -0.1921017E-01  0.0000000E+00  0.0000000E+00  0.0000000E+00
   0.30051   0.01000 -0.3353019E-01 -0.3353019E-01 -0.3353019E-01  0.0000000E+00  0.0000000E+00  0.0000000E+00
   0.31616   0.01000 -0.9615954E-01 -0.9615954E-01 -0.9615954E-01  0.0000000E+00  0.0000000E+00  0.0000000E+00
   0.33182   0.01000 -0.8212694E-01 -0.8212694E-01 -0.8212694E-01  0.0000000E+00  0.0000000E+00  0.0000000E+00
   0.34747   0.01000 -0.7837727E-01 -0.7837727E-01 -0.7837727E-01  0.0000000E+00  0.0000000E+00  0.0000000E+00
   0.36313   0.01000 -0.7165169E-01 -0.7165169E-01 -0.7165169E-01  0.0000000E+00  0.0000000E+00  0.0000000E+00
   0.37879   0.01000 -0.1037911E+00 -0.1037911E+00 -0.1037911E+00  0.0000000E+00  0.0000000E+00  0.0000000E+00
   0.39444   0.01000 -0.6541646E-01 -0.6541646E-01 -0.6541646E-01  0.0000000E+00  0.0000000E+00  0.0000000E+00
   0.41010   0.01000 -0.5542550E-01 -0.5542550E-01 -0.5542550E-01  0.0000000E+00  0.0000000E+00  0.0000000E+00
   0.42576   0.01000 -0.5738905E-01 -0.5738905E-01 -0.5738905E-01  0.0000000E+00  0.0000000E+00  0.0000000E+00
   0.44141   0.01000 -0.6415306E-01 -0.6415306E-01 -0.6415306E-01  0.0000000E+00  0.0000000E+00  0.0000000E+00
   0.45707   0.01000 -0.5077572E-01 -0.5077572E-01 -0.5077572E-01  0.0000000E+00  0.0000000E+00  0.0000000E+00
   0.47273   0.01000 -0.4452675E-01 -0.4452675E-01 -0.4452675E-01  0.0000000E+00  0.0000000E+00  0.0000000E+00
   0.48838   0.01000 -0.4229493E-01 -0.4229493E-01 -0.4229493E-01  0.0000000E+00  0.0000000E+00  0.0000000E+00
   0.50404   0.01000 -0.8241382E-01 -0.8241382E-01 -0.8241382E-01  0.0000000E+00  0.0000000E+00  0.0000000E+00
   0.51970   0.01000 -0.7816492E-01 -0.7816492E-01 -0.7816492E-01  0.0000000E+00  0.0000000E+00  0.0000000E+00
   0.53535   0.01000 -0.1206458E+00 -0.1206458E+00 -0.1206458E+00  0.0000000E+00  0.0000000E+00  0.0000000E+00
   0.55101   0.01000 -0.1205172E+00 -0.1205172E+00 -0.1205172E+00  0.0000000E+00  0.0000000E+00  0.0000000E+00
   0.56667   0.01000 -0.1202708E+00 -0.1202708E+00 -0.1202708E+00  0.0000000E+00  0.0000000E+00  0.0000000E+00
   0.58232   0.01000 -0.1431293E+00 -0.1431293E+00 -0.1431293E+00  0.0000000E+00  0.0000000E+00  0.0000000E+00
   0.59798   0.01000 -0.2317728E+00 -0.2317728E+00 -0.2317728E+00  0.0000000E+00  0.0000000E+00  0.0000000E+00
   0.61364   0.01000 -0.1930258E+00 -0.1930258E+00 -0.1930258E+00  0.0000000E+00  0.0000000E+00  0.0000000E+00
   0.62929   0.01000 -0.1612488E+00 -0.1612488E+00 -0.1612488E+00  0.0000000E+00  0.0000000E+00  0.0000000E+00
   0.64495   0.01000 -0.1444875E+00 -0.1444875E+00 -0.1444875E+00  0.0000000E+00  0.0000000E+00  0.0000000E+00
   0.66061   0.01000 -0.1457714E+00 -0.1457714E+00 -0.1457714E+00  0.0000000E+00  0.0000000E+00  0.0000000E+00
   0.67626   0.01000 -0.2611387E+00 -0.2611387E+00 -0.2611387E+00  0.0000000E+00  0.0000000E+00  0.0000000E+00
   0.69192   0.01000 -0.2556049E+00 -0.2556049E+00 -0.2556049E+00  0.0000000E+00  0.0000000E+00  0.0000000E+00
   0.70758   0.01000 -0.1967293E+00 -0.1967293E+00 -0.1967293E+00  0.0000000E+00  0.0000000E+00  0.0000000E+00
   0.72323   0.01000 -0.1508637E+00 -0.1508637E+00 -0.1508637E+00  0.0000000E+00  0.0000000E+00  0.0000000E+00
   0.73889   0.01000 -0.1130713E+00 -0.1130713E+00 -0.1130713E+00  0.0000000E+00  0.0000000E+00  0.0000000E+00
   0.75455   0.01000 -0.1700665E+00 -0.1700665E+00 -0.1700665E+00  0.0000000E+00  0.0000000E+00  0.0000000E+00
   0.77020   0.01000 -0.3011802E+00 -0.3011802E+00 -0.3011802E+00  0.0000000E+00  0.0000000E+00  0.0000000E+00
   0.78586   0.01000 -0.4760587E+00 -0.4760587E+00 -0.4760587E+00  0.0000000E+00  0.0000000E+00  0.0000000E+00
   0.80152   0.01000 -0.4030392E+00 -0.4030392E+00 -0.4030392E+00  0.0000000E+00  0.0000000E+00  0.0000000E+00
   0.81717   0.01000 -0.3278766E+00 -0.3278766E+00 -0.3278766E+00  0.0000000E+00  0.0000000E+00  0.0000000E+00
   0.83283   0.01000 -0.3254111E+00 -0.3254111E+00 -0.3254111E+00  0.0000000E+00  0.0000000E+00  0.0000000E+00
   0.84848   0.01000 -0.3907476E+00 -0.3907476E+00 -0.3907476E+00  0.0000000E+00  0.0000000E+00  0.0000000E+00
   0.86414   0.01000 -0.3601848E+00 -0.3601848E+00 -0.3601848E+00  0.0000000E+00  0.0000000E+00  0.0000000E+00
   0.87980   0.01000 -0.3693818E+00 -0.3693818E+00 -0.3693818E+00  0.0000000E+00  0.0000000E+00  0.0000000E+00
   0.89545   0.01000 -0.4524799E+00 -0.4524799E+00 -0.4524799E+00  0.0000000E+00  0.0000000E+00  0.0000000E+00
   0.91111   0.01000 -0.5174181E+00 -0.5174181E+00 -0.5174181E+00  0.0000000E+00  0.0000000E+00  0.0000000E+00
   0.92677   0.01000 -0.5699129E+00 -0.5699129E+00 -0.5699129E+00  0.0000000E+00  0.0000000E+00  0.0000000E+00
   0.94242   0.01000 -0.4779790E+00 -0.4779790E+00 -0.4779790E+00  0.0000000E+00  0.0000000E+00  0.0000000E+00
   0.95808   0.01000 -0.7041653E+00 -0.7041653E+00 -0.7041653E+00  0.0000000E+00  0.0000000E+00  0.0000000E+00
   0.97374   0.01000 -0.9712262E+00 -0.9712262E+00 -0.9712262E+00  0.0000000E+00  0.0000000E+00  0.0000000E+00
   0.98939   0.01000 -0.1162221E+01 -0.1162221E+01 -0.1162221E+01  0.0000000E+00  0.0000000E+00  0.0000000E+00
   1.00505   0.01000 -0.1408844E+01 -0.1408844E+01 -0.1408844E+01  0.0000000E+00  0.0000000E+00  0.0000000E+00
   1.02071   0.01000 -0.1173229E+01 -0.1173229E+01 -0.1173229E+01  0.0000000E+00  0.0000000E+00  0.0000000E+00
   1.03636   0.01000 -0.1785451E+01 -0.1785451E+01 -0.1785451E+01  0.0000000E+00  0.0000000E+00  0.0000000E+00
   1.05202   0.01000 -0.3017066E+01 -0.3017066E+01 -0.3017066E+01  0.0000000E+00  0.0000000E+00  0.0000000E+00
   1.06768   0.01000 -0.2639441E+01 -0.2639441E+01 -0.2639441E+01  0.0000000E+00  0.0000000E+00  0.0000000E+00
   1.08333   0.01000 -0.2072162E+01 -0.2072162E+01 -0.2072162E+01  0.0000000E+00  0.0000000E+00  0.0000000E+00
   1.09899   0.01000 -0.1712414E+01 -0.1712414E+01 -0.1712414E+01  0.0000000E+00  0.0000000E+00  0.0000000E+00
   1.11465   0.01000 -0.1649727E+01 -0.1649727E+01 -0.1649727E+01  0.0000000E+00  0.0000000E+00  0.0000000E+00
   1.13030   0.01000 -0.2023077E+01 -0.2023077E+01 -0.2023077E+01  0.0000000E+00  0.0000000E+00  0.0000000E+00
   1.14596   0.01000 -0.2939916E+01 -0.2939916E+01 -0.2939916E+01  0.0000000E+00  0.0000000E+00  0.0000000E+00
   1.16162   0.01000 -0.2265452E+01 -0.2265452E+01 -0.2265452E+01  0.0000000E+00  0.0000000E+00  0.0000000E+00
   1.17727   0.01000 -0.3573253E+01 -0.3573253E+01 -0.3573253E+01  0.0000000E+00  0.0000000E+00  0.0000000E+00
   1.19293   0.01000 -0.3081492E+01 -0.3081492E+01 -0.3081492E+01  0.0000000E+00  0.0000000E+00  0.0000000E+00
   1.20859   0.01000 -0.4408825E+01 -0.4408825E+01 -0.4408825E+01  0.0000000E+00  0.0000000E+00  0.0000000E+00
   1.22424   0.01000 -0.6758533E+01 -0.6758533E+01 -0.6758533E+01  0.0000000E+00  0.0000000E+00  0.0000000E+00
   1.23990   0.01000 -0.4791266E+01 -0.4791266E+01 -0.4791266E+01  0.0000000E+00  0.0000000E+00  0.0000000E+00
   1.25556   0.01000 -0.4253357E+01 -0.4253357E+01 -0.4253357E+01  0.0000000E+00  0.0000000E+00  0.0000000E+00
   1.27121   0.01000 -0.4128211E+01 -0.4128211E+01 -0.4128211E+01  0.0000000E+00  0.0000000E+00  0.0000000E+00
   1.28687   0.01000 -0.4602292E+01 -0.4602292E+01 -0.4602292E+01  0.0000000E+00  0.0000000E+00  0.0000000E+00
   1.30253   0.01000 -0.4748010E+01 -0.4748010E+01 -0.4748010E+01  0.0000000E+00  0.0000000E+00  0.0000000E+00
   1.31818   0.01000 -0.3751304E+01 -0.3751304E+01 -0.3751304E+01  0.0000000E+00  0.0000000E+00  0.0000000E+00
   1.33384   0.01000 -0.3809217E+01 -0.3809217E+01 -0.3809217E+01  0.0000000E+00  0.0000000E+00  0.0000000E+00
   1.34949   0.01000 -0.3054735E+01 -0.3054735E+01 -0.3054735E+01  0.0000000E+00  0.0000000E+00  0.0000000E+00
   1.36515   0.01000 -0.2706452E+01 -0.2706452E+01 -0.2706452E+01  0.0000000E+00  0.0000000E+00  0.0000000E+00
   1.38081   0.01000 -0.2692582E+01 -0.2692582E+01 -0.2692582E+01  0.0000000E+00  0.0000000E+00  0.0000000E+00
   1.39646   0.01000 -0.2089992E+01 -0.2089992E+01 -0.2089992E+01  0.0000000E+00  0.0000000E+00  0.0000000E+00
   1.41212   0.01000 -0.1670353E+01 -0.1670353E+01 -0.1670353E+01  0.0000000E+00  0.0000000E+00  0.0000000E+00
   1.42778   0.01000 -0.1749796E+01 -0.1749796E+01 -0.1749796E+01  0.0000000E+00  0.0000000E+00  0.0000000E+00
   1.44343   0.01000 -0.1221770E+01 -0.1221770E+01 -0.1221770E+01  0.0000000E+00  0.0000000E+00  0.0000000E+00
   1.45909   0.01000 -0.7926338E+00 -0.7926338E+00 -0.7926338E+00  0.0000000E+00  0.0000000E+00  0.0000000E+00
   1.47475   0.01000 -0.7480498E+00 -0.7480498E+00 -0.7480498E+00  0.0000000E+00  0.0000000E+00  0.0000000E+00
   1.49040   0.01000 -0.6288318E+00 -0.6288318E+00 -0.6288318E+00  0.0000000E+00  0.0000000E+00  0.0000000E+00
   1.50606   0.01000 -0.6195884E+00 -0.6195884E+00 -0.6195884E+00  0.0000000E+00  0.0000000E+00  0.0000000E+00
   1.52172   0.01000 -0.6471407E+00 -0.6471407E+00 -0.6471407E+00  0.0000000E+00  0.0000000E+00  0.0000000E+00
   1.53737   0.01000 -0.5635552E+00 -0.5635552E+00 -0.5635552E+00  0.0000000E+00  0.0000000E+00  0.0000000E+00
   1.55303   0.01000 -0.5288759E+00 -0.5288759E+00 -0.5288759E+00  0.0000000E+00  0.0000000E+00  0.0000000E+00
   1.56869   0.01000 -0.4557270E+00 -0.4557270E+00 -0.4557270E+00  0.0000000E+00  0.0000000E+00  0.0000000E+00
   1.58434   0.01000 -0.5008553E+00 -0.5008553E+00 -0.5008553E+00  0.0000000E+00  0.0000000E+00  0.0000000E+00
   1.60000   0.01000 -0.2964401E+00 -0.2964401E+00 -0.2964401E+00  0.0000000E+00  0.0000000E+00  0.0000000E+00
