#  Re(w)     Im(w)    e11            e22            e33            e12            e13            e23
   0.05000   0.01000  0.2004460E+00  0.2004460E+00  0.2004460E+00 -0.1387779E-16 -0.9714451E-16 -0.4163336E-16
   0.06566   0.01000  0.2813354E+00  0.2813354E+00  0.2813354E+00 -0.2775558E-16  0.8326673E-16 -0.8326673E-16
   0.08131   0.01000  0.3809649E+00  0.3809649E+00  0.3809649E+00  0.0000000E+00 -0.1110223E-15  0.5551115E-16
   0.09697   0.01000  0.5104001E+00  0.5104001E+00  0.5104001E+00  0.4440892E-15  0.1110223E-15  0.0000000E+00
   0.11263   0.01000  0.6890854E+00  0.6890854E+00  0.6890854E+00 -0.5551115E-16  0.1110223E-15  0.1110223E-15
   0.12828   0.01000  0.9550793E+00  0.9550793E+00  0.9550793E+00 -0.1665335E-15  0.3330669E-15 -0.2220446E-15
   0.14394   0.01000  0.1394334E+01  0.1394334E+01  0.1394334E+01 -0.1110223E-15  0.0000000E+00  0.2220446E-15
   0.15960   0.01000  0.2245999E+01  0.2245999E+01  0.2245999E+01 -0.2220446E-15  0.2220446E-15  0.6661338E-15
   0.17525   0.01000  0.4435240E+01  0.4435240E+01  0.4435240E+01  0.1776357E-14  0.1776357E-14 -0.1776357E-14
   0.19091   0.01000  0.1366301E+02  0.1366301E+02  0.1366301E+02  0.4440892E-14  0.2664535E-14  0.8881784E-15
   0.20657   0.01000  0.2280976E+02  0.2280976E+02  0.2280976E+02  0.5329071E-14  0.1776357E-14 -0.5329071E-14
   0.22222   0.01000  0.1137514E+02  0.1137514E+02  0.1137514E+02  0.4440892E-14 -0.2664535E-14 -0.8881784E-15
   0.23788   0.01000  0.2093647E+02  0.2093647E+02  0.2093647E+02  0.5329071E-14  0.1776357E-14 -0.5329071E-14
   0.25354   0.01000  0.5407999E+02  0.5407999E+02  0.5407999E+02 -0.1776357E-13 -0.1776357E-13  0.1776357E-13
   0.26919   0.01000  0.5302044E+02  0.5302044E+02  0.5302044E+02  0.3552714E-14 -0.3552714E-14  0.3552714E-14
   0.28485   0.01000  0.2246909E+02  0.2246909E+02  0.2246909E+02  0.8881784E-14  0.1776357E-14  0.1776357E-14
   0.30051   0.01000  0.9513150E+01  0.9513150E+01  0.9513150E+01  0.4440892E-14  0.4440892E-14 -0.6217249E-14
   0.31616   0.01000  0.7435643E+01  0.7435643E+01  0.7435643E+01  0.4440892E-15  0.1332268E-14 -0.2220446E-14
   0.33182   0.01000  0.1202650E+02  0.1202650E+02  0.1202650E+02  0.8881784E-15  0.3552714E-14 -0.2664535E-14
   0.34747   0.01000  0.1243321E+02  0.1243321E+02  0.1243321E+02  0.0000000E+00 -0.6217249E-14  0.0000000E+00
   0.36313   0.01000  0.1218270E+02  0.1218270E+02  0.1218270E+02  0.3552714E-14 -0.3552714E-14 -0.3552714E-14
   0.37879   0.01000  0.8902846E+01  0.8902846E+01  0.8902846E+01 -0.8881784E-15  0.3552714E-14 -0.3552714E-14
   0.39444   0.01000  0.1515672E+02  0.1515672E+02  0.1515672E+02 -0.8881784E-15  0.2664535E-14  0.4440892E-14
   0.41010   0.01000  0.1284686E+02  0.1284686E+02  0.1284686E+02 -0.5329071E-14  0.7105427E-14  0.2664535E-14
   0.42576   0.01000  0.1033124E+02  0.1033124E+02  0.1033124E+02  0.4440892E-14  0.5329071E-14 -0.7105427E-14
   0.44141   0.01000  0.8463455E+01  0.8463455E+01  0.8463455E+01 -0.7993606E-14 -0.5329071E-14  0.8881784E-15
   0.45707   0.01000  0.7136945E+01  0.7136945E+01  0.7136945E+01  0.3552714E-14  0.2664535E-14 -0.8881784E-15
   0.47273   0.01000  0.4141067E+01  0.4141067E+01  0.4141067E+01 -0.1332268E-14  0.0000000E+00  0.0000000E+00
   0.48838   0.01000  0.2093852E+01  0.2093852E+01  0.2093852E+01  0.1332268E-14  0.0000000E+00 -0.1332268E-14
   0.50404   0.01000  0.2508005E+01  0.2508005E+01  0.2508005E+01 -0.2220446E-15  0.0000000E+00  0.8881784E-15
   0.51970   0.01000  0.1962248E+01  0.1962248E+01  0.1962248E+01 -0.3330669E-15 -0.1221245E-14  0.9992007E-15
   0.53535   0.01000  0.2542357E+01  0.2542357E+01  0.2542357E+01 -0.6661338E-15 -0.2220446E-14  0.1332268E-14
   0.55101   0.01000  0.2151837E+01  0.2151837E+01  0.2151837E+01 -0.1110223E-14 -0.6661338E-15  0.0000000E+00
   0.56667   0.01000  0.1909459E+01  0.1909459E+01  0.1909459E+01  0.0000000E+00  0.3330669E-15 -0.1110223E-15
   0.58232   0.01000  0.1758483E+01  0.1758483E+01  0.1758483E+01  0.1221245E-14  0.6661338E-15 -0.6661338E-15
   0.59798   0.01000  0.1743389E+01  0.1743389E+01  0.1743389E+01  0.8881784E-15 -0.2220446E-15  0.0000000E+00
   0.61364   0.01000  0.2783252E+01  0.2783252E+01  0.2783252E+01  0.4440892E-15  0.4440892E-15  0.4440892E-15
   0.62929   0.01000  0.2153769E+01  0.2153769E+01  0.2153769E+01 -0.1332268E-14 -0.1332268E-14  0.1332268E-14
   0.64495   0.01000  0.1599019E+01  0.1599019E+01  0.1599019E+01 -0.6661338E-15 -0.4440892E-15  0.5551115E-15
   0.66061   0.01000  0.1186963E+01  0.1186963E+01  0.1186963E+01 -0.1110223E-15 -0.1110223E-15  0.1110223E-15
   0.67626   0.01000  0.1295164E+01  0.1295164E+01  0.1295164E+01  0.7771561E-15  0.9992007E-15 -0.5551115E-15
   0.69192   0.01000  0.1648305E+01  0.1648305E+01  0.1648305E+01  0.1110223E-15  0.7771561E-15 -0.7771561E-15
   0.70758   0.01000  0.1734022E+01  0.1734022E+01  0.1734022E+01  0.3330669E-15  0.2220446E-15 -0.6661338E-15
   0.72323   0.01000  0.1039088E+01  0.1039088E+01  0.1039088E+01  0.6661338E-15  0.7771561E-15 -0.9992007E-15
   0.73889   0.01000  0.5391234E+00  0.5391234E+00  0.5391234E+00 -0.1665335E-15  0.2775558E-15 -0.5551115E-16
   0.75455   0.01000  0.4518695E+00  0.4518695E+00  0.4518695E+00  0.4163336E-15 -0.8326673E-16 -0.1387779E-15
   0.77020   0.01000  0.5499774E+00  0.5499774E+00  0.5499774E+00 -0.1665335E-15 -0.1665335E-15  0.1110223E-15
   0.78586   0.01000  0.8275019E+00  0.8275019E+00  0.8275019E+00 -0.1665335E-15  0.2220446E-15  0.1665335E-15
   0.80152   0.01000  0.1117873E+01  0.1117873E+01  0.1117873E+01  0.2220446E-15 -0.2220446E-15  0.4440892E-15
   0.81717   0.01000  0.8752556E+00  0.8752556E+00  0.8752556E+00  0.4996004E-15  0.3885781E-15 -0.5551115E-15
   0.83283   0.01000  0.5781854E+00  0.5781854E+00  0.5781854E+00  0.0000000E+00 -0.1110223E-15  0.0000000E+00
   0.84848   0.01000  0.7175623E+00  0.7175623E+00  0.7175623E+00  0.1665335E-15 -0.2775558E-15  0.5551115E-16
   0.86414   0.01000  0.6134976E+00  0.6134976E+00  0.6134976E+00 -0.5551115E-16 -0.2775558E-15  0.5551115E-16
   0.87980   0.01000  0.4712929E+00  0.4712929E+00  0.4712929E+00 -0.1387779E-15  0.2775558E-16 -0.2775558E-16
   0.89545   0.01000  0.4146039E+00  0.4146039E+00  0.4146039E+00 -0.1110223E-15 -0.5551115E-16  0.5551115E-16
   0.91111   0.01000  0.4316424E+00  0.4316424E+00  0.4316424E+00  0.2498002E-15  0.1110223E-15 -0.1665335E-15
   0.92677   0.01000  0.4224836E+00  0.4224836E+00  0.4224836E+00 -0.1942890E-15  0.0000000E+00  0.5551115E-16
   0.94242   0.01000  0.2935282E+00  0.2935282E+00  0.2935282E+00  0.8326673E-16  0.1110223E-15 -0.2775558E-15
   0.95808   0.01000  0.2866787E+00  0.2866787E+00  0.2866787E+00  0.1665335E-15  0.1665335E-15 -0.1110223E-15
   0.97374   0.01000  0.3045851E+00  0.3045851E+00  0.3045851E+00 -0.1665335E-15 -0.1110223E-15  0.1942890E-15
   0.98939   0.01000  0.3227203E+00  0.3227203E+00  0.3227203E+00 -0.2498002E-15 -0.2498002E-15  0.1942890E-15
   1.00505   0.01000  0.3543938E+00  0.3543938E+00  0.3543938E+00 -0.2220446E-15  0.5551115E-16  0.5551115E-16
   1.02071   0.01000  0.2865954E+00  0.2865954E+00  0.2865954E+00  0.1387779E-15  0.1387779E-15 -0.1942890E-15
   1.03636   0.01000  0.2360523E+00  0.2360523E+00  0.2360523E+00  0.0000000E+00  0.1110223E-15  0.1110223E-15
   1.05202   0.01000  0.2564387E+00  0.2564387E+00  0.2564387E+00  0.2220446E-15  0.0000000E+00  0.5551115E-16
   1.06768   0.01000  0.3702524E+00  0.3702524E+00  0.3702524E+00 -0.1110223E-15 -0.1665335E-15 -0.1110223E-15
   1.08333   0.01000  0.4679606E+00  0.4679606E+00  0.4679606E+00 -0.2498002E-15 -0.2775558E-16  0.2498002E-15
   1.09899   0.01000  0.5084523E+00  0.5084523E+00  0.5084523E+00 -0.3885781E-15 -0.5551115E-16  0.5551115E-16
   1.11465   0.01000  0.4494941E+00  0.4494941E+00  0.4494941E+00 -0.8326673E-16 -0.1387779E-15  0.2498002E-15
   1.13030   0.01000  0.3004666E+00  0.3004666E+00  0.3004666E+00  0.2775558E-16  0.1110223E-15 -0.8326673E-16
   1.14596   0.01000  0.2836953E+00  0.2836953E+00  0.2836953E+00 -0.1387779E-15 -0.1387779E-15  0.8326673E-16
   1.16162   0.01000  0.3326952E+00  0.3326952E+00  0.3326952E+00  0.0000000E+00  0.5551115E-16 -0.5551115E-16
   1.17727   0.01000  0.2254341E+00  0.2254341E+00  0.2254341E+00 -0.1942890E-15  0.8326673E-16  0.0000000E+00
   1.19293   0.01000  0.2693792E+00  0.2693792E+00  0.2693792E+00  0.1110223E-15  0.1942890E-15 -0.1387779E-15
   1.20859   0.01000  0.1852989E+00  0.1852989E+00  0.1852989E+00 -0.2775558E-16  0.8326673E-16  0.8326673E-16
   1.22424   0.01000  0.1478511E+00  0.1478511E+00  0.1478511E+00 -0.4163336E-16  0.0000000E+00  0.5551115E-16
   1.23990   0.01000  0.1830960E+00  0.1830960E+00  0.1830960E+00 -0.1387779E-16  0.1526557E-15 -0.1387779E-16
   1.25556   0.01000  0.2103738E+00  0.2103738E+00  0.2103738E+00 -0.1249001E-15 -0.1110223E-15  0.2775558E-16
   1.27121   0.01000  0.2276276E+00  0.2276276E+00  0.2276276E+00  0.2775558E-16  0.1387779E-15 -0.1387779E-15
   1.28687   0.01000  0.1811634E+00  0.1811634E+00  0.1811634E+00  0.8326673E-16 -0.9714451E-16 -0.4163336E-16
   1.30253   0.01000  0.1702882E+00  0.1702882E+00  0.1702882E+00 -0.1387779E-16 -0.2775558E-16  0.0000000E+00
   1.31818   0.01000  0.1760918E+00  0.1760918E+00  0.1760918E+00 -0.2775558E-16 -0.8326673E-16  0.4163336E-16
   1.33384   0.01000  0.1493271E+00  0.1493271E+00  0.1493271E+00 -0.4163336E-16 -0.4163336E-16  0.4163336E-16
   1.34949   0.01000  0.1510709E+00  0.1510709E+00  0.1510709E+00  0.1387779E-16  0.1387779E-16 -0.4163336E-16
   1.36515   0.01000  0.1480931E+00  0.1480931E+00  0.1480931E+00 -0.2775558E-16  0.0000000E+00  0.0000000E+00
   1.38081   0.01000  0.1464899E+00  0.1464899E+00  0.1464899E+00 -0.8326673E-16 -0.1387779E-15  0.8326673E-16
   1.39646   0.01000  0.1114713E+00  0.1114713E+00  0.1114713E+00  0.1040834E-15  0.2081668E-16 -0.6938894E-16
   1.41212   0.01000  0.1054428E+00  0.1054428E+00  0.1054428E+00  0.4163336E-16 -0.2775558E-16 -0.1387779E-16
   1.42778   0.01000  0.1161447E+00  0.1161447E+00  0.1161447E+00 -0.4857226E-16  0.6938894E-17  0.2081668E-16
   1.44343   0.01000  0.8065238E-01  0.8065238E-01  0.8065238E-01 -0.1387779E-16 -0.6938894E-17  0.6938894E-17
   1.45909   0.01000  0.7161304E-01  0.7161304E-01  0.7161304E-01 -0.3469447E-16  0.6938894E-17  0.3469447E-16
   1.47475   0.01000  0.7236480E-01  0.7236480E-01  0.7236480E-01  0.3469447E-16  0.5551115E-16 -0.4163336E-16
   1.49040   0.01000  0.7162946E-01  0.7162946E-01  0.7162946E-01 -0.2775558E-16  0.2081668E-16 -0.3469447E-16
   1.50606   0.01000  0.8041875E-01  0.8041875E-01  0.8041875E-01  0.4163336E-16  0.0000000E+00 -0.2081668E-16
   1.52172   0.01000  0.8996072E-01  0.8996072E-01  0.8996072E-01 -0.2081668E-16 -0.3469447E-16  0.3469447E-16
   1.53737   0.01000  0.7880407E-01  0.7880407E-01  0.7880407E-01 -0.6938894E-17 -0.3469447E-16  0.3469447E-16
   1.55303   0.01000  0.7732879E-01  0.7732879E-01  0.7732879E-01  0.6938894E-16  0.4163336E-16 -0.4163336E-16
   1.56869   0.01000  0.7456426E-01  0.7456426E-01  0.7456426E-01 -0.1387779E-16 -0.2775558E-16 -0.1387779E-16
   1.58434   0.01000  0.7859513E-01  0.7859513E-01  0.7859513E-01 -0.6938894E-17  0.6938894E-17  0.6938894E-17
   1.60000   0.01000  0.4749180E-01  0.4749180E-01  0.4749180E-01 -0.1040834E-16 -0.1040834E-16  0.0000000E+00
