#  Re(w)     Im(w)  em111          em122          em133          em112          em113          em123
   0.05000   0.01000  0.6943514E-01  0.6943514E-01  0.6943514E-01  0.0000000E+00  0.0000000E+00  0.0000000E+00
   0.06566   0.01000  0.6767464E-01  0.6767464E-01  0.6767464E-01  0.0000000E+00  0.0000000E+00  0.0000000E+00
   0.08131   0.01000  0.6539714E-01  0.6539714E-01  0.6539714E-01  0.0000000E+00  0.0000000E+00  0.0000000E+00
   0.09697   0.01000  0.6256685E-01  0.6256685E-01  0.6256685E-01  0.0000000E+00  0.0000000E+00  0.0000000E+00
   0.11263   0.01000  0.5913048E-01  0.5913048E-01  0.5913048E-01  0.0000000E+00  0.0000000E+00  0.0000000E+00
   0.12828   0.01000  0.5500449E-01  0.5500449E-01  0.5500449E-01  0.0000000E+00  0.0000000E+00  0.0000000E+00
   0.14394   0.01000  0.5004931E-01  0.5004931E-01  0.5004931E-01  0.0000000E+00  0.0000000E+00  0.0000000E+00
   0.15960   0.01000  0.4400488E-01  0.4400488E-01  0.4400488E-01  0.0000000E+00  0.0000000E+00  0.0000000E+00
   0.17525   0.01000  0.3631296E-01  0.3631296E-01  0.3631296E-01  0.0000000E+00  0.0000000E+00  0.0000000E+00
   0.19091   0.01000  0.2577880E-01  0.2577880E-01  0.2577880E-01  0.0000000E+00  0.0000000E+00  0.0000000E+00
   0.20657   0.01000  0.2034466E-01  0.2034466E-01  0.2034466E-01  0.0000000E+00  0.0000000E+00  0.0000000E+00
   0.22222   0.01000  0.3631105E-01  0.3631105E-01  0.3631105E-01  0.0000000E+00  0.0000000E+00  0.0000000E+00
   0.23788   0.01000  0.2117660E-01  0.2117660E-01  0.2117660E-01  0.0000000E+00  0.0000000E+00  0.0000000E+00
   0.25354   0.01000  0.7888137E-02  0.7888137E-02  0.7888137E-02  0.0000000E+00  0.0000000E+00  0.0000000E+00
   0.26919   0.01000 -0.3323198E-02 -0.3323198E-02 -0.3323198E-02  0.0000000E+00  0.0000000E+00  0.0000000E+00
   0.28485   0.01000 -0.2204380E-01 -0.2204380E-01 -0.2204380E-01  0.0000000E+00  0.0000000E+00  0.0000000E+00
   0.30051   0.01000 -0.4899328E-01 -0.4899328E-01 -0.4899328E-01  0.0000000E+00  0.0000000E+00  0.0000000E+00
   0.31616   0.01000 -0.6070902E-01 -0.6070902E-01 -0.6070902E-01  0.0000000E+00  0.0000000E+00  0.0000000E+00
   0.33182   0.01000 -0.9165008E-02 -0.9165008E-02 -0.9165008E-02  0.0000000E+00  0.0000000E+00  0.0000000E+00
   0.34747   0.01000 -0.1268329E-01 -0.1268329E-01 -0.1268329E-01  0.0000000E+00  0.0000000E+00  0.0000000E+00
   0.36313   0.01000 -0.2733976E-01 -0.2733976E-01 -0.2733976E-01  0.0000000E+00  0.0000000E+00  0.0000000E+00
   0.37879   0.01000 -0.2975900E-01 -0.2975900E-01 -0.2975900E-01  0.0000000E+00  0.0000000E+00  0.0000000E+00
   0.39444   0.01000 -0.6057337E-02 -0.6057337E-02 -0.6057337E-02  0.0000000E+00  0.0000000E+00  0.0000000E+00
   0.41010   0.01000 -0.3524679E-01 -0.3524679E-01 -0.3524679E-01  0.0000000E+00  0.0000000E+00  0.0000000E+00
   0.42576   0.01000 -0.4755418E-01 -0.4755418E-01 -0.4755418E-01  0.0000000E+00  0.0000000E+00  0.0000000E+00
   0.44141   0.01000 -0.5885910E-01 -0.5885910E-01 -0.5885910E-01  0.0000000E+00  0.0000000E+00  0.0000000E+00
   0.45707   0.01000 -0.6735218E-01 -0.6735218E-01 -0.6735218E-01  0.0000000E+00  0.0000000E+00  0.0000000E+00
   0.47273   0.01000 -0.9364748E-01 -0.9364748E-01 -0.9364748E-01  0.0000000E+00  0.0000000E+00  0.0000000E+00
   0.48838   0.01000 -0.1356861E+00 -0.1356861E+00 -0.1356861E+00  0.0000000E+00  0.0000000E+00  0.0000000E+00
   0.50404   0.01000 -0.1614567E+00 -0.1614567E+00 -0.1614567E+00  0.0000000E+00  0.0000000E+00  0.0000000E+00
   0.51970   0.01000 -0.1836426E+00 -0.1836426E+00 -0.1836426E+00  0.0000000E+00  0.0000000E+00  0.0000000E+00
   0.53535   0.01000 -0.1813805E+00 -0.1813805E+00 -0.1813805E+00  0.0000000E+00  0.0000000E+00  0.0000000E+00
   0.55101   0.01000 -0.2036719E+00 -0.2036719E+00 -0.2036719E+00  0.0000000E+00  0.0000000E+00  0.0000000E+00
   0.56667   0.01000 -0.2202766E+00 -0.2202766E+00 -0.2202766E+00  0.0000000E+00  0.0000000E+00  0.0000000E+00
   0.58232   0.01000 -0.2467947E+00 -0.2467947E+00 -0.2467947E+00  0.0000000E+00  0.0000000E+00  0.0000000E+00
   0.59798   0.01000 -0.2814697E+00 -0.2814697E+00 -0.2814697E+00  0.0000000E+00  0.0000000E+00  0.0000000E+00
   0.61364   0.01000 -0.1791470E+00 -0.1791470E+00 -0.1791470E+00  0.0000000E+00  0.0000000E+00  0.0000000E+00
   0.62929   0.01000 -0.2210589E+00 -0.2210589E+00 -0.2210589E+00  0.0000000E+00  0.0000000E+00  0.0000000E+00
   0.64495   0.01000 -0.2635972E+00 -0.2635972E+00 -0.2635972E+00  0.0000000E+00  0.0000000E+00  0.0000000E+00
   0.66061   0.01000 -0.3186865E+00 -0.3186865E+00 -0.3186865E+00  0.0000000E+00  0.0000000E+00  0.0000000E+00
   0.67626   0.01000 -0.3652841E+00 -0.3652841E+00 -0.3652841E+00  0.0000000E+00  0.0000000E+00  0.0000000E+00
   0.69192   0.01000 -0.2995621E+00 -0.2995621E+00 -0.2995621E+00  0.0000000E+00  0.0000000E+00  0.0000000E+00
   0.70758   0.01000 -0.2734047E+00 -0.2734047E+00 -0.2734047E+00  0.0000000E+00  0.0000000E+00  0.0000000E+00
   0.72323   0.01000 -0.3498982E+00 -0.3498982E+00 -0.3498982E+00  0.0000000E+00  0.0000000E+00  0.0000000E+00
   0.73889   0.01000 -0.4437867E+00 -0.4437867E+00 -0.4437867E+00  0.0000000E+00  0.0000000E+00  0.0000000E+00
   0.75455   0.01000 -0.5894398E+00 -0.5894398E+00 -0.5894398E+00  0.0000000E+00  0.0000000E+00  0.0000000E+00
   0.77020   0.01000 -0.6759537E+00 -0.6759537E+00 -0.6759537E+00  0.0000000E+00  0.0000000E+00  0.0000000E+00
   0.78586   0.01000 -0.5904780E+00 -0.5904780E+00 -0.5904780E+00  0.0000000E+00  0.0000000E+00  0.0000000E+00
   0.80152   0.01000 -0.4450849E+00 -0.4450849E+00 -0.4450849E+00  0.0000000E+00  0.0000000E+00  0.0000000E+00
   0.81717   0.01000 -0.5168207E+00 -0.5168207E+00 -0.5168207E+00  0.0000000E+00  0.0000000E+00  0.0000000E+00
   0.83283   0.01000 -0.6759601E+00 -0.6759601E+00 -0.6759601E+00  0.0000000E+00  0.0000000E+00  0.0000000E+00
   0.84848   0.01000 -0.6259912E+00 -0.6259912E+00 -0.6259912E+00  0.0000000E+00  0.0000000E+00  0.0000000E+00
   0.86414   0.01000 -0.6762895E+00 -0.6762895E+00 -0.6762895E+00  0.0000000E+00  0.0000000E+00  0.0000000E+00
   0.87980   0.01000 -0.8045619E+00 -0.8045619E+00 -0.8045619E+00  0.0000000E+00  0.0000000E+00  0.0000000E+00
   0.89545   0.01000 -0.9416033E+00 -0.9416033E+00 -0.9416033E+00  0.0000000E+00  0.0000000E+00  0.0000000E+00
   0.91111   0.01000 -0.9648823E+00 -0.9648823E+00 -0.9648823E+00  0.0000000E+00  0.0000000E+00  0.0000000E+00
   0.92677   0.01000 -0.1012007E+01 -0.1012007E+01 -0.1012007E+01  0.0000000E+00  0.0000000E+00  0.0000000E+00
   0.94242   0.01000 -0.1183185E+01 -0.1183185E+01 -0.1183185E+01  0.0000000E+00  0.0000000E+00  0.0000000E+00
   0.95808   0.01000 -0.1400157E+01 -0.1400157E+01 -0.1400157E+01  0.0000000E+00  0.0000000E+00  0.0000000E+00
   0.97374   0.01000 -0.1498468E+01 -0.1498468E+01 -0.1498468E+01  0.0000000E+00  0.0000000E+00  0.0000000E+00
   0.98939   0.01000 -0.1500189E+01 -0.1500189E+01 -0.1500189E+01  0.0000000E+00  0.0000000E+00  0.0000000E+00
   1.00505   0.01000 -0.1410858E+01 -0.1410858E+01 -0.1410858E+01  0.0000000E+00  0.0000000E+00  0.0000000E+00
   1.02071   0.01000 -0.1648396E+01 -0.1648396E+01 -0.1648396E+01  0.0000000E+00  0.0000000E+00  0.0000000E+00
   1.03636   0.01000 -0.2091879E+01 -0.2091879E+01 -0.2091879E+01  0.0000000E+00  0.0000000E+00  0.0000000E+00
   1.05202   0.01000 -0.1631737E+01 -0.1631737E+01 -0.1631737E+01  0.0000000E+00  0.0000000E+00  0.0000000E+00
   1.06768   0.01000 -0.4026321E+00 -0.4026321E+00 -0.4026321E+00  0.0000000E+00  0.0000000E+00  0.0000000E+00
   1.08333   0.01000 -0.3663529E+00 -0.3663529E+00 -0.3663529E+00  0.0000000E+00  0.0000000E+00  0.0000000E+00
   1.09899   0.01000 -0.6599490E+00 -0.6599490E+00 -0.6599490E+00  0.0000000E+00  0.0000000E+00  0.0000000E+00
   1.11465   0.01000 -0.9739542E+00 -0.9739542E+00 -0.9739542E+00  0.0000000E+00  0.0000000E+00  0.0000000E+00
   1.13030   0.01000 -0.1624893E+01 -0.1624893E+01 -0.1624893E+01  0.0000000E+00  0.0000000E+00  0.0000000E+00
   1.14596   0.01000 -0.1311422E+01 -0.1311422E+01 -0.1311422E+01  0.0000000E+00  0.0000000E+00  0.0000000E+00
   1.16162   0.01000 -0.1295036E+01 -0.1295036E+01 -0.1295036E+01  0.0000000E+00  0.0000000E+00  0.0000000E+00
   1.17727   0.01000 -0.1755679E+01 -0.1755679E+01 -0.1755679E+01  0.0000000E+00  0.0000000E+00  0.0000000E+00
   1.19293   0.01000 -0.1394146E+01 -0.1394146E+01 -0.1394146E+01  0.0000000E+00  0.0000000E+00  0.0000000E+00
   1.20859   0.01000 -0.2086936E+01 -0.2086936E+01 -0.2086936E+01  0.0000000E+00  0.0000000E+00  0.0000000E+00
   1.22424   0.01000 -0.1843525E+00 -0.1843525E+00 -0.1843525E+00  0.0000000E+00  0.0000000E+00  0.0000000E+00
   1.23990   0.01000  0.1792157E+01  0.1792157E+01  0.1792157E+01  0.0000000E+00  0.0000000E+00  0.0000000E+00
   1.25556   0.01000  0.1458439E+01  0.1458439E+01  0.1458439E+01  0.0000000E+00  0.0000000E+00  0.0000000E+00
   1.27121   0.01000  0.1045792E+01  0.1045792E+01  0.1045792E+01  0.0000000E+00  0.0000000E+00  0.0000000E+00
   1.28687   0.01000  0.2054994E+01  0.2054994E+01  0.2054994E+01  0.0000000E+00  0.0000000E+00  0.0000000E+00
   1.30253   0.01000  0.2310541E+01  0.2310541E+01  0.2310541E+01  0.0000000E+00  0.0000000E+00  0.0000000E+00
   1.31818   0.01000  0.2689020E+01  0.2689020E+01  0.2689020E+01  0.0000000E+00  0.0000000E+00  0.0000000E+00
   1.33384   0.01000  0.3316486E+01  0.3316486E+01  0.3316486E+01  0.0000000E+00  0.0000000E+00  0.0000000E+00
   1.34949   0.01000  0.3299869E+01  0.3299869E+01  0.3299869E+01  0.0000000E+00  0.0000000E+00  0.0000000E+00
   1.36515   0.01000  0.3309148E+01  0.3309148E+01  0.3309148E+01  0.0000000E+00  0.0000000E+00  0.0000000E+00
   1.38081   0.01000  0.3336265E+01  0.3336265E+01  0.3336265E+01  0.0000000E+00  0.0000000E+00  0.0000000E+00
   1.39646   0.01000  0.3792239E+01  0.3792239E+01  0.3792239E+01  0.0000000E+00  0.0000000E+00  0.0000000E+00
   1.41212   0.01000  0.3612651E+01  0.3612651E+01  0.3612651E+01  0.0000000E+00  0.0000000E+00  0.0000000E+00
   1.42778   0.01000  0.3464659E+01  0.3464659E+01  0.3464659E+01  0.0000000E+00  0.0000000E+00  0.0000000E+00
   1.44343   0.01000  0.3695385E+01  0.3695385E+01  0.3695385E+01  0.0000000E+00  0.0000000E+00  0.0000000E+00
   1.45909   0.01000  0.3231102E+01  0.3231102E+01  0.3231102E+01  0.0000000E+00  0.0000000E+00  0.0000000E+00
   1.47475   0.01000  0.3126920E+01  0.3126920E+01  0.3126920E+01  0.0000000E+00  0.0000000E+00  0.0000000E+00
   1.49040   0.01000  0.2895432E+01  0.2895432E+01  0.2895432E+01  0.0000000E+00  0.0000000E+00  0.0000000E+00
   1.50606   0.01000  0.2705668E+01  0.2705668E+01  0.2705668E+01  0.0000000E+00  0.0000000E+00  0.0000000E+00
   1.52172   0.01000  0.2602845E+01  0.2602845E+01  0.2602845E+01  0.0000000E+00  0.0000000E+00  0.0000000E+00
   1.53737   0.01000  0.2614145E+01  0.2614145E+01  0.2614145E+01  0.0000000E+00  0.0000000E+00  0.0000000E+00
   1.55303   0.01000  0.2561172E+01  0.2561172E+01  0.2561172E+01  0.0000000E+00  0.0000000E+00  0.0000000E+00
   1.56869   0.01000  0.2429852E+01  0.2429852E+01  0.2429852E+01  0.0000000E+00  0.0000000E+00  0.0000000E+00
   1.58434   0.01000  0.2474216E+01  0.2474216E+01  0.2474216E+01  0.0000000E+00  0.0000000E+00  0.0000000E+00
   1.60000   0.01000  0.2480735E+01  0.2480735E+01  0.2480735E+01  0.0000000E+00  0.0000000E+00  0.0000000E+00
