#  Re(w)     Im(w)    e11            e22            e33            e12            e13            e23
   0.05000   0.01000  0.1439914E+02  0.1439914E+02  0.1439914E+02  0.3552714E-14 -0.1776357E-14  0.0000000E+00
   0.06566   0.01000  0.1477123E+02  0.1477123E+02  0.1477123E+02  0.3552714E-14  0.5329071E-14 -0.1065814E-13
   0.08131   0.01000  0.1528169E+02  0.1528169E+02  0.1528169E+02 -0.6217249E-14 -0.6217249E-14  0.2664535E-14
   0.09697   0.01000  0.1596659E+02  0.1596659E+02  0.1596659E+02 -0.8881784E-15 -0.2664535E-14  0.8881784E-15
   0.11263   0.01000  0.1688363E+02  0.1688363E+02  0.1688363E+02  0.4440892E-14  0.8881784E-15 -0.2664535E-14
   0.12828   0.01000  0.1813002E+02  0.1813002E+02  0.1813002E+02  0.1776357E-14  0.1065814E-13 -0.1065814E-13
   0.14394   0.01000  0.1988251E+02  0.1988251E+02  0.1988251E+02  0.0000000E+00  0.3552714E-14  0.0000000E+00
   0.15960   0.01000  0.2250056E+02  0.2250056E+02  0.2250056E+02  0.1953993E-13  0.1243450E-13 -0.8881784E-14
   0.17525   0.01000  0.2680450E+02  0.2680450E+02  0.2680450E+02  0.5329071E-14  0.7105427E-14 -0.8881784E-14
   0.19091   0.01000  0.3316236E+02  0.3316236E+02  0.3316236E+02  0.3552714E-14 -0.3552714E-14 -0.3552714E-14
   0.20657   0.01000  0.1542673E+02  0.1542673E+02  0.1542673E+02  0.7993606E-14  0.9769963E-14 -0.7993606E-14
   0.22222   0.01000  0.2152985E+02  0.2152985E+02  0.2152985E+02  0.1243450E-13  0.8881784E-14 -0.1421085E-13
   0.23788   0.01000  0.3452618E+02  0.3452618E+02  0.3452618E+02 -0.2486900E-13 -0.1776357E-13  0.3197442E-13
   0.25354   0.01000  0.3032303E+02  0.3032303E+02  0.3032303E+02 -0.1243450E-13 -0.1243450E-13  0.1953993E-13
   0.26919   0.01000 -0.9651631E+01 -0.9651631E+01 -0.9651631E+01 -0.2664535E-14 -0.8881784E-15  0.8881784E-15
   0.28485   0.01000 -0.2578344E+02 -0.2578344E+02 -0.2578344E+02 -0.5329071E-14  0.5329071E-14  0.1776357E-14
   0.30051   0.01000 -0.1390032E+02 -0.1390032E+02 -0.1390032E+02 -0.8881784E-15 -0.5329071E-14  0.5329071E-14
   0.31616   0.01000 -0.4694393E+01 -0.4694393E+01 -0.4694393E+01  0.1332268E-14  0.4440892E-15 -0.4440892E-15
   0.33182   0.01000 -0.1342105E+01 -0.1342105E+01 -0.1342105E+01 -0.1110223E-14  0.2220446E-15 -0.6661338E-15
   0.34747   0.01000 -0.2011988E+01 -0.2011988E+01 -0.2011988E+01  0.6661338E-15 -0.6661338E-15 -0.2220446E-15
   0.36313   0.01000 -0.4648490E+01 -0.4648490E+01 -0.4648490E+01  0.2220446E-14 -0.1332268E-14 -0.3108624E-14
   0.37879   0.01000 -0.2552624E+01 -0.2552624E+01 -0.2552624E+01 -0.1332268E-14  0.8881784E-15 -0.4440892E-15
   0.39444   0.01000 -0.1403459E+01 -0.1403459E+01 -0.1403459E+01  0.2220446E-15  0.8881784E-15  0.0000000E+00
   0.41010   0.01000 -0.8169717E+01 -0.8169717E+01 -0.8169717E+01  0.4440892E-14  0.6217249E-14 -0.6217249E-14
   0.42576   0.01000 -0.8560758E+01 -0.8560758E+01 -0.8560758E+01  0.8881784E-15 -0.2664535E-14  0.8881784E-15
   0.44141   0.01000 -0.7765043E+01 -0.7765043E+01 -0.7765043E+01  0.8881784E-15  0.8881784E-15 -0.7105427E-14
   0.45707   0.01000 -0.9466902E+01 -0.9466902E+01 -0.9466902E+01  0.3552714E-14  0.6217249E-14 -0.7993606E-14
   0.47273   0.01000 -0.8709383E+01 -0.8709383E+01 -0.8709383E+01  0.1776357E-14  0.3552714E-14 -0.5329071E-14
   0.48838   0.01000 -0.6717273E+01 -0.6717273E+01 -0.6717273E+01  0.4440892E-15 -0.3996803E-14 -0.8881784E-15
   0.50404   0.01000 -0.4913426E+01 -0.4913426E+01 -0.4913426E+01 -0.2664535E-14 -0.2664535E-14  0.0000000E+00
   0.51970   0.01000 -0.4610155E+01 -0.4610155E+01 -0.4610155E+01  0.0000000E+00 -0.1776357E-14  0.0000000E+00
   0.53535   0.01000 -0.3822214E+01 -0.3822214E+01 -0.3822214E+01 -0.1776357E-14 -0.4440892E-15  0.1332268E-14
   0.55101   0.01000 -0.3636567E+01 -0.3636567E+01 -0.3636567E+01 -0.4440892E-15 -0.4440892E-15  0.4440892E-15
   0.56667   0.01000 -0.3497185E+01 -0.3497185E+01 -0.3497185E+01  0.0000000E+00  0.8881784E-15 -0.1776357E-14
   0.58232   0.01000 -0.3032113E+01 -0.3032113E+01 -0.3032113E+01 -0.1332268E-14 -0.4440892E-15  0.4440892E-15
   0.59798   0.01000 -0.2117208E+01 -0.2117208E+01 -0.2117208E+01  0.1332268E-14  0.0000000E+00  0.0000000E+00
   0.61364   0.01000 -0.2583133E+01 -0.2583133E+01 -0.2583133E+01  0.1554312E-14  0.2442491E-14 -0.1776357E-14
   0.62929   0.01000 -0.2952641E+01 -0.2952641E+01 -0.2952641E+01  0.1998401E-14 -0.2220446E-15 -0.6661338E-15
   0.64495   0.01000 -0.2917185E+01 -0.2917185E+01 -0.2917185E+01 -0.1110223E-14 -0.6661338E-15  0.1554312E-14
   0.66061   0.01000 -0.2594947E+01 -0.2594947E+01 -0.2594947E+01 -0.1998401E-14  0.6661338E-15  0.1110223E-14
   0.67626   0.01000 -0.1811692E+01 -0.1811692E+01 -0.1811692E+01  0.6661338E-15  0.1554312E-14 -0.2220446E-15
   0.69192   0.01000 -0.1931770E+01 -0.1931770E+01 -0.1931770E+01  0.4440892E-15 -0.4440892E-15  0.2220446E-15
   0.70758   0.01000 -0.2409859E+01 -0.2409859E+01 -0.2409859E+01  0.6661338E-15  0.1998401E-14 -0.1332268E-14
   0.72323   0.01000 -0.2409956E+01 -0.2409956E+01 -0.2409956E+01 -0.2220446E-15  0.2220446E-15 -0.8881784E-15
   0.73889   0.01000 -0.2115973E+01 -0.2115973E+01 -0.2115973E+01  0.2220446E-15 -0.8881784E-15 -0.6661338E-15
   0.75455   0.01000 -0.1566152E+01 -0.1566152E+01 -0.1566152E+01 -0.2220446E-15 -0.4440892E-15  0.6661338E-15
   0.77020   0.01000 -0.1234342E+01 -0.1234342E+01 -0.1234342E+01 -0.1110223E-14 -0.1554312E-14  0.1554312E-14
   0.78586   0.01000 -0.1026390E+01 -0.1026390E+01 -0.1026390E+01 -0.2220446E-15  0.1998401E-14 -0.1998401E-14
   0.80152   0.01000 -0.1234491E+01 -0.1234491E+01 -0.1234491E+01 -0.1110223E-14 -0.1110223E-14  0.6661338E-15
   0.81717   0.01000 -0.1379635E+01 -0.1379635E+01 -0.1379635E+01 -0.1554312E-14 -0.1554312E-14  0.1332268E-14
   0.83283   0.01000 -0.1201035E+01 -0.1201035E+01 -0.1201035E+01 -0.2220446E-15  0.2220446E-15  0.2220446E-15
   0.84848   0.01000 -0.1149560E+01 -0.1149560E+01 -0.1149560E+01  0.2220446E-15  0.0000000E+00 -0.4440892E-15
   0.86414   0.01000 -0.1151914E+01 -0.1151914E+01 -0.1151914E+01  0.0000000E+00  0.0000000E+00  0.4440892E-15
   0.87980   0.01000 -0.1026538E+01 -0.1026538E+01 -0.1026538E+01 -0.4440892E-15  0.0000000E+00 -0.4440892E-15
   0.89545   0.01000 -0.8627838E+00 -0.8627838E+00 -0.8627838E+00 -0.5551115E-15 -0.2220446E-15  0.2220446E-15
   0.91111   0.01000 -0.8049276E+00 -0.8049276E+00 -0.8049276E+00 -0.1221245E-14 -0.1110223E-15  0.7771561E-15
   0.92677   0.01000 -0.7502134E+00 -0.7502134E+00 -0.7502134E+00 -0.9992007E-15 -0.6661338E-15  0.4440892E-15
   0.94242   0.01000 -0.7265975E+00 -0.7265975E+00 -0.7265975E+00  0.3330669E-15  0.1110223E-15 -0.9992007E-15
   0.95808   0.01000 -0.5700297E+00 -0.5700297E+00 -0.5700297E+00  0.3330669E-15 -0.3330669E-15 -0.5551115E-15
   0.97374   0.01000 -0.4699327E+00 -0.4699327E+00 -0.4699327E+00 -0.2220446E-15 -0.2220446E-15  0.4440892E-15
   0.98939   0.01000 -0.4165659E+00 -0.4165659E+00 -0.4165659E+00  0.1110223E-15 -0.1110223E-15  0.1110223E-15
   1.00505   0.01000 -0.3549005E+00 -0.3549005E+00 -0.3549005E+00 -0.1110223E-15 -0.2220446E-15  0.3330669E-15
   1.02071   0.01000 -0.4026689E+00 -0.4026689E+00 -0.4026689E+00  0.1110223E-15 -0.1110223E-15  0.1110223E-15
   1.03636   0.01000 -0.2765647E+00 -0.2765647E+00 -0.2765647E+00  0.1110223E-15  0.0000000E+00 -0.1110223E-15
   1.05202   0.01000 -0.1386912E+00 -0.1386912E+00 -0.1386912E+00 -0.2220446E-15  0.1110223E-15 -0.1110223E-15
   1.06768   0.01000 -0.5647994E-01 -0.5647994E-01 -0.5647994E-01 -0.3330669E-15 -0.5551115E-15  0.3330669E-15
   1.08333   0.01000 -0.8273424E-01 -0.8273424E-01 -0.8273424E-01 -0.6661338E-15 -0.6661338E-15  0.4440892E-15
   1.09899   0.01000 -0.1959529E+00 -0.1959529E+00 -0.1959529E+00 -0.2220446E-15 -0.8881784E-15  0.2220446E-15
   1.11465   0.01000 -0.2653691E+00 -0.2653691E+00 -0.2653691E+00 -0.3330669E-15 -0.5551115E-15  0.1110223E-15
   1.13030   0.01000 -0.2413284E+00 -0.2413284E+00 -0.2413284E+00  0.7771561E-15  0.4440892E-15 -0.8881784E-15
   1.14596   0.01000 -0.1265493E+00 -0.1265493E+00 -0.1265493E+00 -0.1110223E-15 -0.1110223E-15  0.3330669E-15
   1.16162   0.01000 -0.1901838E+00 -0.1901838E+00 -0.1901838E+00 -0.3330669E-15 -0.4440892E-15  0.4440892E-15
   1.17727   0.01000 -0.1107646E+00 -0.1107646E+00 -0.1107646E+00 -0.5551115E-15 -0.1110223E-15 -0.2220446E-15
   1.19293   0.01000 -0.1218740E+00 -0.1218740E+00 -0.1218740E+00  0.5551115E-15  0.4440892E-15 -0.1110223E-15
   1.20859   0.01000 -0.8771203E-01 -0.8771203E-01 -0.8771203E-01 -0.1110223E-15 -0.2220446E-15  0.2220446E-15
   1.22424   0.01000 -0.4032934E-02 -0.4032934E-02 -0.4032934E-02  0.2220446E-15 -0.3330669E-15  0.3330669E-15
   1.23990   0.01000  0.6848644E-01  0.6848644E-01  0.6848644E-01 -0.5551115E-16  0.3885781E-15 -0.2775558E-15
   1.25556   0.01000  0.7213534E-01  0.7213534E-01  0.7213534E-01 -0.2775558E-15  0.4996004E-15 -0.4996004E-15
   1.27121   0.01000  0.5766450E-01  0.5766450E-01  0.5766450E-01  0.5551115E-16  0.1665335E-15  0.3885781E-15
   1.28687   0.01000  0.8089225E-01  0.8089225E-01  0.8089225E-01  0.7216450E-15  0.4996004E-15 -0.8326673E-15
   1.30253   0.01000  0.8286797E-01  0.8286797E-01  0.8286797E-01  0.2220446E-15  0.5551115E-16  0.5551115E-16
   1.31818   0.01000  0.1262266E+00  0.1262266E+00  0.1262266E+00  0.2775558E-15  0.5551115E-16  0.0000000E+00
   1.33384   0.01000  0.1300113E+00  0.1300113E+00  0.1300113E+00 -0.5551115E-15 -0.4440892E-15  0.6661338E-15
   1.34949   0.01000  0.1631939E+00  0.1631939E+00  0.1631939E+00  0.5551115E-16  0.1110223E-15 -0.2220446E-15
   1.36515   0.01000  0.1810717E+00  0.1810717E+00  0.1810717E+00  0.1110223E-15  0.0000000E+00  0.0000000E+00
   1.38081   0.01000  0.1815095E+00  0.1815095E+00  0.1815095E+00 -0.1665335E-15  0.2775558E-15 -0.1665335E-15
   1.39646   0.01000  0.2022620E+00  0.2022620E+00  0.2022620E+00  0.0000000E+00 -0.5551115E-15  0.5551115E-15
   1.41212   0.01000  0.2280523E+00  0.2280523E+00  0.2280523E+00 -0.5551115E-16 -0.5551115E-16  0.2775558E-15
   1.42778   0.01000  0.2299708E+00  0.2299708E+00  0.2299708E+00 -0.1110223E-15  0.0000000E+00 -0.1110223E-15
   1.44343   0.01000  0.2439425E+00  0.2439425E+00  0.2439425E+00  0.2775558E-15  0.2775558E-15 -0.1665335E-15
   1.45909   0.01000  0.2919243E+00  0.2919243E+00  0.2919243E+00  0.2220446E-15  0.1110223E-15 -0.1110223E-15
   1.47475   0.01000  0.3024918E+00  0.3024918E+00  0.3024918E+00  0.2775558E-15  0.2775558E-15 -0.5551115E-16
   1.49040   0.01000  0.3298151E+00  0.3298151E+00  0.3298151E+00  0.5551115E-16  0.5551115E-16 -0.1665335E-15
   1.50606   0.01000  0.3511789E+00  0.3511789E+00  0.3511789E+00 -0.5551115E-16 -0.1665335E-15  0.5551115E-16
   1.52172   0.01000  0.3618282E+00  0.3618282E+00  0.3618282E+00 -0.1110223E-15 -0.5551115E-16  0.5551115E-16
   1.53737   0.01000  0.3655458E+00  0.3655458E+00  0.3655458E+00  0.1665335E-15  0.5551115E-16 -0.2775558E-15
   1.55303   0.01000  0.3744780E+00  0.3744780E+00  0.3744780E+00  0.0000000E+00 -0.1110223E-15  0.1110223E-15
   1.56869   0.01000  0.3975629E+00  0.3975629E+00  0.3975629E+00  0.1110223E-15  0.0000000E+00  0.0000000E+00
   1.58434   0.01000  0.3882585E+00  0.3882585E+00  0.3882585E+00  0.2775558E-15  0.3330669E-15 -0.3885781E-15
   1.60000   0.01000  0.3974313E+00  0.3974313E+00  0.3974313E+00  0.2220446E-15  0.0000000E+00 -0.3330669E-15
