#  Re(w)     Im(w)  em111          em122          em133          em112          em113          em123
   0.05000   0.01000 -0.9666614E-03 -0.9666614E-03 -0.9666614E-03  0.3219280E+00  0.3013090E+00  0.2625693E+00
   0.06566   0.01000 -0.1289045E-02 -0.1289045E-02 -0.1289045E-02  0.2340413E+00  0.2173279E+00  0.2173279E+00
   0.08131   0.01000 -0.1630446E-02 -0.1630446E-02 -0.1630446E-02  0.2014645E+00  0.1983927E+00  0.1983927E+00
   0.09697   0.01000 -0.2000215E-02 -0.2000215E-02 -0.2000215E-02  0.1614351E+00  0.1389510E+00  0.1342813E+00
   0.11263   0.01000 -0.2413513E-02 -0.2413513E-02 -0.2413513E-02  0.1252854E+00  0.1209555E+00  0.1209555E+00
   0.12828   0.01000 -0.2897791E-02 -0.2897791E-02 -0.2897791E-02  0.1126224E+00  0.1106059E+00  0.1086156E+00
   0.14394   0.01000 -0.3510082E-02 -0.3510082E-02 -0.3510082E-02  0.9904898E-01  0.9184366E-01  0.8502022E-01
   0.15960   0.01000 -0.4392706E-02 -0.4392706E-02 -0.4392706E-02  0.7856373E-01  0.7395330E-01  0.7395330E-01
   0.17525   0.01000 -0.6008611E-02 -0.6008611E-02 -0.6008611E-02  0.7098670E-01  0.6258086E-01  0.5993769E-01
   0.19091   0.01000 -0.1061991E-01 -0.1061991E-01 -0.1061991E-01  0.5127780E-01  0.4243628E-01  0.4243628E-01
   0.20657   0.01000 -0.3008139E-01 -0.3008139E-01 -0.3008139E-01  0.3743878E-01  0.3462317E-01  0.3462317E-01
   0.22222   0.01000 -0.1919327E-01 -0.1919327E-01 -0.1919327E-01  0.3281923E-01  0.3193866E-01  0.3193866E-01
   0.23788   0.01000 -0.1273642E-01 -0.1273642E-01 -0.1273642E-01  0.2938045E-01  0.2855496E-01  0.2855496E-01
   0.25354   0.01000 -0.1393917E-01 -0.1393917E-01 -0.1393917E-01  0.2538475E-01  0.2387635E-01  0.2387635E-01
   0.26919   0.01000 -0.1818834E-01 -0.1818834E-01 -0.1818834E-01  0.2170600E-01  0.1897780E-01  0.1897780E-01
   0.28485   0.01000 -0.1892036E-01 -0.1892036E-01 -0.1892036E-01  0.1405303E-01  0.1237714E-01  0.1237714E-01
   0.30051   0.01000 -0.3421276E-01 -0.3421276E-01 -0.3421276E-01  0.1078871E-01  0.1027806E-01  0.1027806E-01
   0.31616   0.01000 -0.9485348E-01 -0.9485348E-01 -0.9485348E-01  0.7402880E-02  0.6081121E-02  0.5240677E-02
   0.33182   0.01000 -0.8083426E-01 -0.8083426E-01 -0.8083426E-01  0.3653460E-02  0.1158296E-02  0.5073849E-03
   0.34747   0.01000 -0.8360459E-01 -0.8360459E-01 -0.8360459E-01 -0.1174262E-03 -0.4202828E-03 -0.4202828E-03
   0.36313   0.01000 -0.6278015E-01 -0.6278015E-01 -0.6278015E-01 -0.1842782E-02 -0.2370625E-02 -0.2626077E-02
   0.37879   0.01000 -0.1109532E+00 -0.1109532E+00 -0.1109532E+00 -0.3593383E-02 -0.3821995E-02 -0.3821995E-02
   0.39444   0.01000 -0.6369291E-01 -0.6369291E-01 -0.6369291E-01 -0.4263919E-02 -0.4685965E-02 -0.4889724E-02
   0.41010   0.01000 -0.5710779E-01 -0.5710779E-01 -0.5710779E-01 -0.5283086E-02 -0.5658062E-02 -0.6187293E-02
   0.42576   0.01000 -0.5231819E-01 -0.5231819E-01 -0.5231819E-01 -0.6355119E-02 -0.6518765E-02 -0.6518765E-02
   0.44141   0.01000 -0.6891059E-01 -0.6891059E-01 -0.6891059E-01 -0.6985285E-02 -0.7132867E-02 -0.7416526E-02
   0.45707   0.01000 -0.5373485E-01 -0.5373485E-01 -0.5373485E-01 -0.7552725E-02 -0.7685251E-02 -0.7685251E-02
   0.47273   0.01000 -0.3598867E-01 -0.3598867E-01 -0.3598867E-01 -0.8061390E-02 -0.8406578E-02 -0.8406578E-02
   0.48838   0.01000 -0.4594977E-01 -0.4594977E-01 -0.4594977E-01 -0.8620256E-02 -0.9010074E-02 -0.9010074E-02
   0.50404   0.01000 -0.7317403E-01 -0.7317403E-01 -0.7317403E-01 -0.9271216E-02 -0.9784464E-02 -0.9966242E-02
   0.51970   0.01000 -0.9153582E-01 -0.9153582E-01 -0.9153582E-01 -0.1017581E-01 -0.1026727E-01 -0.1035028E-01
   0.53535   0.01000 -0.1196786E+00 -0.1196786E+00 -0.1196786E+00 -0.1035028E-01  0.6925999E-01  0.6796552E-01
   0.55101   0.01000 -0.1054152E+00 -0.1054152E+00 -0.1054152E+00 -0.9737501E-01  0.6218983E-02  0.5952057E-02
   0.56667   0.01000 -0.1269765E+00 -0.1269765E+00 -0.1269765E+00 -0.3939154E-01 -0.3762727E-01  0.1343831E+00
   0.58232   0.01000 -0.1543272E+00 -0.1543272E+00 -0.1543272E+00  0.4617467E-01  0.8219605E-01  0.4496406E-02
   0.59798   0.01000 -0.2150938E+00 -0.2150938E+00 -0.2150938E+00  0.3529156E-01  0.3774692E-02 -0.2608756E-01
   0.61364   0.01000 -0.1945240E+00 -0.1945240E+00 -0.1945240E+00  0.9081111E-01  0.6096178E-01  0.8623665E-01
   0.62929   0.01000 -0.1701936E+00 -0.1701936E+00 -0.1701936E+00  0.8402018E-01  0.1066332E+00 -0.4720909E-01
   0.64495   0.01000 -0.1409484E+00 -0.1409484E+00 -0.1409484E+00  0.4809407E-01  0.4556676E-01  0.8845311E-01
   0.66061   0.01000 -0.1505734E+00 -0.1505734E+00 -0.1505734E+00 -0.1801315E-01 -0.9765471E-01 -0.5759124E-01
   0.67626   0.01000 -0.2443909E+00 -0.2443909E+00 -0.2443909E+00  0.2018217E-01  0.1962828E-01  0.5302144E-01
   0.69192   0.01000 -0.2641153E+00 -0.2641153E+00 -0.2641153E+00 -0.6784562E-01 -0.6592773E-01 -0.6592773E-01
   0.70758   0.01000 -0.1937643E+00 -0.1937643E+00 -0.1937643E+00 -0.6223637E-01 -0.4875974E-01  0.1572895E-02
   0.72323   0.01000 -0.1414087E+00 -0.1414087E+00 -0.1414087E+00 -0.3463620E-01 -0.4600935E-01 -0.4600935E-01
   0.73889   0.01000 -0.1221404E+00 -0.1221404E+00 -0.1221404E+00 -0.4339904E-01 -0.9657210E-02 -0.9657210E-02
   0.75455   0.01000 -0.1679679E+00 -0.1679679E+00 -0.1679679E+00  0.1320090E-02 -0.6024048E-01 -0.6024048E-01
   0.77020   0.01000 -0.3068311E+00 -0.3068311E+00 -0.3068311E+00  0.2053542E-01 -0.1607819E-01 -0.1607819E-01
   0.78586   0.01000 -0.4913541E+00 -0.4913541E+00 -0.4913541E+00  0.2561360E-01  0.4945045E-01  0.4945045E-01
   0.80152   0.01000 -0.4092367E+00 -0.4092367E+00 -0.4092367E+00 -0.3648556E-01 -0.2024358E-01 -0.2024358E-01
   0.81717   0.01000 -0.2974986E+00 -0.2974986E+00 -0.2974986E+00 -0.1222716E-01  0.3290986E-01  0.1302745E-01
   0.83283   0.01000 -0.3521256E+00 -0.3521256E+00 -0.3521256E+00 -0.4662463E-02  0.2163809E-01 -0.4518362E-02
   0.84848   0.01000 -0.4188121E+00 -0.4188121E+00 -0.4188121E+00  0.6354066E-03 -0.2289902E-01 -0.4110081E-02
   0.86414   0.01000 -0.3387001E+00 -0.3387001E+00 -0.3387001E+00  0.5598316E-03 -0.3735705E-02 -0.1628129E-01
   0.87980   0.01000 -0.3578736E+00 -0.3578736E+00 -0.3578736E+00  0.4651709E-02 -0.1576756E-01  0.4504722E-02
   0.89545   0.01000 -0.4447997E+00 -0.4447997E+00 -0.4447997E+00 -0.1478410E-01  0.1523706E-01  0.2262472E-01
   0.91111   0.01000 -0.5593501E+00 -0.5593501E+00 -0.5593501E+00 -0.1660179E-01 -0.1968326E-01 -0.1298258E-01
   0.92677   0.01000 -0.5371957E+00 -0.5371957E+00 -0.5371957E+00 -0.9476006E-02 -0.9170426E-02 -0.1215875E-01
   0.94242   0.01000 -0.4654613E+00 -0.4654613E+00 -0.4654613E+00 -0.2613103E-02  0.1211696E-01  0.1799186E-01
   0.95808   0.01000 -0.6826498E+00 -0.6826498E+00 -0.6826498E+00  0.1480723E-01  0.1133877E-01  0.1683636E-01
   0.97374   0.01000 -0.1074579E+01 -0.1074579E+01 -0.1074579E+01  0.1862878E-01  0.2844448E-02  0.1801484E-01
   0.98939   0.01000 -0.1146316E+01 -0.1146316E+01 -0.1146316E+01  0.7386554E-02  0.7140701E-02 -0.1769180E-01
   1.00505   0.01000 -0.1259146E+01 -0.1259146E+01 -0.1259146E+01 -0.7334630E-02 -0.5165988E-02 -0.1390616E-01
   1.02071   0.01000 -0.1267424E+01 -0.1267424E+01 -0.1267424E+01 -0.6380373E-02  0.6792010E-02  0.6792010E-02
   1.03636   0.01000 -0.1848878E+01 -0.1848878E+01 -0.1848878E+01  0.6796552E-01  0.1222911E+00 -0.9737501E-01
   1.05202   0.01000 -0.2916207E+01 -0.2916207E+01 -0.2916207E+01  0.5952057E-02 -0.1294293E+00 -0.1294293E+00
   1.06768   0.01000 -0.2714005E+01 -0.2714005E+01 -0.2714005E+01 -0.7970150E-01 -0.3676400E-01  0.4726800E-01
   1.08333   0.01000 -0.2052254E+01 -0.2052254E+01 -0.2052254E+01  0.4496406E-02 -0.9249324E-01  0.3529156E-01
   1.09899   0.01000 -0.1602859E+01 -0.1602859E+01 -0.1602859E+01  0.9316987E-01  0.9081111E-01  0.9081111E-01
   1.11465   0.01000 -0.1705406E+01 -0.1705406E+01 -0.1705406E+01  0.8623665E-01  0.3404902E-02  0.3024726E-01
   1.13030   0.01000 -0.2289280E+01 -0.2289280E+01 -0.2289280E+01 -0.4720909E-01 -0.4476939E-01  0.4809407E-01
   1.14596   0.01000 -0.2480220E+01 -0.2480220E+01 -0.2480220E+01  0.8845311E-01 -0.1003590E+00 -0.1003590E+00
   1.16162   0.01000 -0.2445126E+01 -0.2445126E+01 -0.2445126E+01 -0.5759124E-01 -0.1613859E-01  0.2018217E-01
   1.17727   0.01000 -0.3396351E+01 -0.3396351E+01 -0.3396351E+01 -0.6303791E-01 -0.5628927E-01  0.1815783E-02
   1.19293   0.01000 -0.3382249E+01 -0.3382249E+01 -0.3382249E+01 -0.6592773E-01  0.5342740E-01  0.5342740E-01
   1.20859   0.01000 -0.4363492E+01 -0.4363492E+01 -0.4363492E+01  0.2673921E-01 -0.6046091E-01  0.1395252E-01
   1.22424   0.01000 -0.6859190E+01 -0.6859190E+01 -0.6859190E+01 -0.4600935E-01 -0.3364224E-01  0.1316435E-01
   1.23990   0.01000 -0.4488211E+01 -0.4488211E+01 -0.4488211E+01 -0.9657210E-02  0.1205698E-01  0.3349162E-01
   1.25556   0.01000 -0.4692507E+01 -0.4692507E+01 -0.4692507E+01 -0.6024048E-01  0.1207966E-02  0.2053542E-01
   1.27121   0.01000 -0.4346183E+01 -0.4346183E+01 -0.4346183E+01 -0.1607819E-01 -0.2356451E-01  0.2561360E-01
   1.28687   0.01000 -0.4089603E+01 -0.4089603E+01 -0.4089603E+01 -0.1468674E-01 -0.2218086E-01 -0.2218086E-01
   1.30253   0.01000 -0.4414472E+01 -0.4414472E+01 -0.4414472E+01 -0.2024358E-01 -0.2605874E-01 -0.1222716E-01
   1.31818   0.01000 -0.4407104E+01 -0.4407104E+01 -0.4407104E+01  0.1302745E-01 -0.2680271E-01 -0.4662463E-02
   1.33384   0.01000 -0.3643638E+01 -0.3643638E+01 -0.3643638E+01  0.5809323E-02  0.6354066E-03  0.6354066E-03
   1.34949   0.01000 -0.2776013E+01 -0.2776013E+01 -0.2776013E+01 -0.4110081E-02  0.2332111E-01  0.5598316E-03
   1.36515   0.01000 -0.2731475E+01 -0.2731475E+01 -0.2731475E+01 -0.1628129E-01 -0.3617996E-02 -0.3617996E-02
   1.38081   0.01000 -0.2925660E+01 -0.2925660E+01 -0.2925660E+01  0.2052151E-01  0.4361976E-02 -0.1478410E-01
   1.39646   0.01000 -0.2286035E+01 -0.2286035E+01 -0.2286035E+01  0.2262472E-01  0.1475074E-01 -0.1660179E-01
   1.41212   0.01000 -0.1525638E+01 -0.1525638E+01 -0.1525638E+01 -0.1298258E-01 -0.2266002E-01 -0.2266002E-01
   1.42778   0.01000 -0.1702919E+01 -0.1702919E+01 -0.1702919E+01 -0.1215875E-01  0.9645443E-02 -0.2613103E-02
   1.44343   0.01000 -0.1233355E+01 -0.1233355E+01 -0.1233355E+01  0.1799186E-01  0.9028801E-02  0.1480723E-01
   1.45909   0.01000 -0.8751933E+00 -0.8751933E+00 -0.8751933E+00  0.1683636E-01  0.1339965E-01  0.1862878E-01
   1.47475   0.01000 -0.7999306E+00 -0.7999306E+00 -0.7999306E+00  0.1801484E-01 -0.2068235E-02 -0.2068235E-02
   1.49040   0.01000 -0.5224263E+00 -0.5224263E+00 -0.5224263E+00 -0.1769180E-01 -0.1370391E-01 -0.7334630E-02
   1.50606   0.01000 -0.5952464E+00 -0.5952464E+00 -0.5952464E+00 -0.1390616E-01  0.1385538E-01 -0.6380373E-02
   1.52172   0.01000 -0.7025644E+00 -0.7025644E+00 -0.7025644E+00  0.3498914E-02  0.5386888E-01 -0.6796552E-01
   1.53737   0.01000 -0.5698081E+00 -0.5698081E+00 -0.5698081E+00  0.9737501E-01  0.9328474E-01 -0.1011850E+00
   1.55303   0.01000 -0.5326692E+00 -0.5326692E+00 -0.5326692E+00  0.1294293E+00 -0.1343831E+00  0.3762727E-01
   1.56869   0.01000 -0.4259059E+00 -0.4259059E+00 -0.4259059E+00 -0.1282630E+00 -0.8219605E-01 -0.4496406E-02
   1.58434   0.01000 -0.4928888E+00 -0.4928888E+00 -0.4928888E+00  0.9018955E-01  0.1170154E+00 -0.9316987E-01
   1.60000   0.01000 -0.3218599E+00 -0.3218599E+00 -0.3218599E+00  0.8354622E-01  0.1111656E+00 -0.8623665E-01
