#  Re(w)     Im(w)  em111          em122          em133          em112          em113          em123
   0.05000   0.01000  0.6943413E-01  0.6943413E-01  0.6943413E-01  0.0000000E+00  0.0000000E+00  0.0000000E+00
   0.06566   0.01000  0.6767362E-01  0.6767362E-01  0.6767362E-01  0.0000000E+00  0.0000000E+00  0.0000000E+00
   0.08131   0.01000  0.6539607E-01  0.6539607E-01  0.6539607E-01  0.0000000E+00  0.0000000E+00  0.0000000E+00
   0.09697   0.01000  0.6256581E-01  0.6256581E-01  0.6256581E-01  0.0000000E+00  0.0000000E+00  0.0000000E+00
   0.11263   0.01000  0.5912933E-01  0.5912933E-01  0.5912933E-01  0.0000000E+00  0.0000000E+00  0.0000000E+00
   0.12828   0.01000  0.5500327E-01  0.5500327E-01  0.5500327E-01  0.0000000E+00  0.0000000E+00  0.0000000E+00
   0.14394   0.01000  0.5004803E-01  0.5004803E-01  0.5004803E-01  0.0000000E+00  0.0000000E+00  0.0000000E+00
   0.15960   0.01000  0.4400345E-01  0.4400345E-01  0.4400345E-01  0.0000000E+00  0.0000000E+00  0.0000000E+00
   0.17525   0.01000  0.3631148E-01  0.3631148E-01  0.3631148E-01  0.0000000E+00  0.0000000E+00  0.0000000E+00
   0.19091   0.01000  0.2577871E-01  0.2577871E-01  0.2577871E-01  0.0000000E+00  0.0000000E+00  0.0000000E+00
   0.20657   0.01000  0.2028900E-01  0.2028900E-01  0.2028900E-01  0.0000000E+00  0.0000000E+00  0.0000000E+00
   0.22222   0.01000  0.3647028E-01  0.3647028E-01  0.3647028E-01  0.0000000E+00  0.0000000E+00  0.0000000E+00
   0.23788   0.01000  0.2104920E-01  0.2104920E-01  0.2104920E-01  0.0000000E+00  0.0000000E+00  0.0000000E+00
   0.25354   0.01000  0.8539658E-02  0.8539658E-02  0.8539658E-02  0.0000000E+00  0.0000000E+00  0.0000000E+00
   0.26919   0.01000 -0.5489575E-02 -0.5489575E-02 -0.5489575E-02  0.0000000E+00  0.0000000E+00  0.0000000E+00
   0.28485   0.01000 -0.1988879E-01 -0.1988879E-01 -0.1988879E-01  0.0000000E+00  0.0000000E+00  0.0000000E+00
   0.30051   0.01000 -0.4991304E-01 -0.4991304E-01 -0.4991304E-01  0.0000000E+00  0.0000000E+00  0.0000000E+00
   0.31616   0.01000 -0.5363417E-01 -0.5363417E-01 -0.5363417E-01  0.0000000E+00  0.0000000E+00  0.0000000E+00
   0.33182   0.01000 -0.3250718E-01 -0.3250718E-01 -0.3250718E-01  0.0000000E+00  0.0000000E+00  0.0000000E+00
   0.34747   0.01000  0.9346544E-02  0.9346544E-02  0.9346544E-02  0.0000000E+00  0.0000000E+00  0.0000000E+00
   0.36313   0.01000 -0.4153062E-01 -0.4153062E-01 -0.4153062E-01  0.0000000E+00  0.0000000E+00  0.0000000E+00
   0.37879   0.01000 -0.1285312E-01 -0.1285312E-01 -0.1285312E-01  0.0000000E+00  0.0000000E+00  0.0000000E+00
   0.39444   0.01000 -0.2414251E-01 -0.2414251E-01 -0.2414251E-01  0.0000000E+00  0.0000000E+00  0.0000000E+00
   0.41010   0.01000 -0.1087457E-01 -0.1087457E-01 -0.1087457E-01  0.0000000E+00  0.0000000E+00  0.0000000E+00
   0.42576   0.01000 -0.5571155E-01 -0.5571155E-01 -0.5571155E-01  0.0000000E+00  0.0000000E+00  0.0000000E+00
   0.44141   0.01000 -0.6146665E-01 -0.6146665E-01 -0.6146665E-01  0.0000000E+00  0.0000000E+00  0.0000000E+00
   0.45707   0.01000 -0.6960851E-01 -0.6960851E-01 -0.6960851E-01  0.0000000E+00  0.0000000E+00  0.0000000E+00
   0.47273   0.01000 -0.1056203E+00 -0.1056203E+00 -0.1056203E+00  0.0000000E+00  0.0000000E+00  0.0000000E+00
   0.48838   0.01000 -0.1171637E+00 -0.1171637E+00 -0.1171637E+00  0.0000000E+00  0.0000000E+00  0.0000000E+00
   0.50404   0.01000 -0.1715807E+00 -0.1715807E+00 -0.1715807E+00  0.0000000E+00  0.0000000E+00  0.0000000E+00
   0.51970   0.01000 -0.1716157E+00 -0.1716157E+00 -0.1716157E+00  0.0000000E+00  0.0000000E+00  0.0000000E+00
   0.53535   0.01000 -0.1932006E+00 -0.1932006E+00 -0.1932006E+00  0.0000000E+00  0.0000000E+00  0.0000000E+00
   0.55101   0.01000 -0.2253216E+00 -0.2253216E+00 -0.2253216E+00  0.0000000E+00  0.0000000E+00  0.0000000E+00
   0.56667   0.01000 -0.1857402E+00 -0.1857402E+00 -0.1857402E+00  0.0000000E+00  0.0000000E+00  0.0000000E+00
   0.58232   0.01000 -0.2865693E+00 -0.2865693E+00 -0.2865693E+00  0.0000000E+00  0.0000000E+00  0.0000000E+00
   0.59798   0.01000 -0.1921538E+00 -0.1921538E+00 -0.1921538E+00  0.0000000E+00  0.0000000E+00  0.0000000E+00
   0.61364   0.01000 -0.2838936E+00 -0.2838936E+00 -0.2838936E+00  0.0000000E+00  0.0000000E+00  0.0000000E+00
   0.62929   0.01000 -0.1532910E+00 -0.1532910E+00 -0.1532910E+00  0.0000000E+00  0.0000000E+00  0.0000000E+00
   0.64495   0.01000 -0.2321679E+00 -0.2321679E+00 -0.2321679E+00  0.0000000E+00  0.0000000E+00  0.0000000E+00
   0.66061   0.01000 -0.3621483E+00 -0.3621483E+00 -0.3621483E+00  0.0000000E+00  0.0000000E+00  0.0000000E+00
   0.67626   0.01000 -0.3263136E+00 -0.3263136E+00 -0.3263136E+00  0.0000000E+00  0.0000000E+00  0.0000000E+00
   0.69192   0.01000 -0.3156867E+00 -0.3156867E+00 -0.3156867E+00  0.0000000E+00  0.0000000E+00  0.0000000E+00
   0.70758   0.01000 -0.3215848E+00 -0.3215848E+00 -0.3215848E+00  0.0000000E+00  0.0000000E+00  0.0000000E+00
   0.72323   0.01000 -0.2982302E+00 -0.2982302E+00 -0.2982302E+00  0.0000000E+00  0.0000000E+00  0.0000000E+00
   0.73889   0.01000 -0.4398564E+00 -0.4398564E+00 -0.4398564E+00  0.0000000E+00  0.0000000E+00  0.0000000E+00
   0.75455   0.01000 -0.5561342E+00 -0.5561342E+00 -0.5561342E+00  0.0000000E+00  0.0000000E+00  0.0000000E+00
   0.77020   0.01000 -0.7093390E+00 -0.7093390E+00 -0.7093390E+00  0.0000000E+00  0.0000000E+00  0.0000000E+00
   0.78586   0.01000 -0.7590385E+00 -0.7590385E+00 -0.7590385E+00  0.0000000E+00  0.0000000E+00  0.0000000E+00
   0.80152   0.01000 -0.2746630E+00 -0.2746630E+00 -0.2746630E+00  0.0000000E+00  0.0000000E+00  0.0000000E+00
   0.81717   0.01000 -0.5333967E+00 -0.5333967E+00 -0.5333967E+00  0.0000000E+00  0.0000000E+00  0.0000000E+00
   0.83283   0.01000 -0.6979770E+00 -0.6979770E+00 -0.6979770E+00  0.0000000E+00  0.0000000E+00  0.0000000E+00
   0.84848   0.01000 -0.6724514E+00 -0.6724514E+00 -0.6724514E+00  0.0000000E+00  0.0000000E+00  0.0000000E+00
   0.86414   0.01000 -0.8863038E+00 -0.8863038E+00 -0.8863038E+00  0.0000000E+00  0.0000000E+00  0.0000000E+00
   0.87980   0.01000 -0.5767678E+00 -0.5767678E+00 -0.5767678E+00  0.0000000E+00  0.0000000E+00  0.0000000E+00
   0.89545   0.01000 -0.8851993E+00 -0.8851993E+00 -0.8851993E+00  0.0000000E+00  0.0000000E+00  0.0000000E+00
   0.91111   0.01000 -0.1056921E+01 -0.1056921E+01 -0.1056921E+01  0.0000000E+00  0.0000000E+00  0.0000000E+00
   0.92677   0.01000 -0.1040111E+01 -0.1040111E+01 -0.1040111E+01  0.0000000E+00  0.0000000E+00  0.0000000E+00
   0.94242   0.01000 -0.1484633E+01 -0.1484633E+01 -0.1484633E+01  0.0000000E+00  0.0000000E+00  0.0000000E+00
   0.95808   0.01000 -0.9637738E+00 -0.9637738E+00 -0.9637738E+00  0.0000000E+00  0.0000000E+00  0.0000000E+00
   0.97374   0.01000 -0.1368470E+01 -0.1368470E+01 -0.1368470E+01  0.0000000E+00  0.0000000E+00  0.0000000E+00
   0.98939   0.01000 -0.1715144E+01 -0.1715144E+01 -0.1715144E+01  0.0000000E+00  0.0000000E+00  0.0000000E+00
   1.00505   0.01000 -0.1511195E+01 -0.1511195E+01 -0.1511195E+01  0.0000000E+00  0.0000000E+00  0.0000000E+00
   1.02071   0.01000 -0.2450125E+01 -0.2450125E+01 -0.2450125E+01  0.0000000E+00  0.0000000E+00  0.0000000E+00
   1.03636   0.01000 -0.6230158E+00 -0.6230158E+00 -0.6230158E+00  0.0000000E+00  0.0000000E+00  0.0000000E+00
   1.05202   0.01000 -0.1543895E+01 -0.1543895E+01 -0.1543895E+01  0.0000000E+00  0.0000000E+00  0.0000000E+00
   1.06768   0.01000 -0.1497343E+01 -0.1497343E+01 -0.1497343E+01  0.0000000E+00  0.0000000E+00  0.0000000E+00
   1.08333   0.01000 -0.3591488E+00 -0.3591488E+00 -0.3591488E+00  0.0000000E+00  0.0000000E+00  0.0000000E+00
   1.09899   0.01000 -0.5415305E+00 -0.5415305E+00 -0.5415305E+00  0.0000000E+00  0.0000000E+00  0.0000000E+00
   1.11465   0.01000 -0.4127203E+00 -0.4127203E+00 -0.4127203E+00  0.0000000E+00  0.0000000E+00  0.0000000E+00
   1.13030   0.01000 -0.1797798E+01 -0.1797798E+01 -0.1797798E+01  0.0000000E+00  0.0000000E+00  0.0000000E+00
   1.14596   0.01000 -0.1541038E+01 -0.1541038E+01 -0.1541038E+01  0.0000000E+00  0.0000000E+00  0.0000000E+00
   1.16162   0.01000 -0.1692515E+01 -0.1692515E+01 -0.1692515E+01  0.0000000E+00  0.0000000E+00  0.0000000E+00
   1.17727   0.01000 -0.2031184E+01 -0.2031184E+01 -0.2031184E+01  0.0000000E+00  0.0000000E+00  0.0000000E+00
   1.19293   0.01000  0.1286333E-01  0.1286333E-01  0.1286333E-01  0.0000000E+00  0.0000000E+00  0.0000000E+00
   1.20859   0.01000 -0.2562375E+01 -0.2562375E+01 -0.2562375E+01  0.0000000E+00  0.0000000E+00  0.0000000E+00
   1.22424   0.01000 -0.1590816E+01 -0.1590816E+01 -0.1590816E+01  0.0000000E+00  0.0000000E+00  0.0000000E+00
   1.23990   0.01000  0.1786432E+01  0.1786432E+01  0.1786432E+01  0.0000000E+00  0.0000000E+00  0.0000000E+00
   1.25556   0.01000  0.1899296E+01  0.1899296E+01  0.1899296E+01  0.0000000E+00  0.0000000E+00  0.0000000E+00
   1.27121   0.01000  0.2766069E+01  0.2766069E+01  0.2766069E+01  0.0000000E+00  0.0000000E+00  0.0000000E+00
   1.28687   0.01000  0.9022354E-01  0.9022354E-01  0.9022354E-01  0.0000000E+00  0.0000000E+00  0.0000000E+00
   1.30253   0.01000  0.1839382E+01  0.1839382E+01  0.1839382E+01  0.0000000E+00  0.0000000E+00  0.0000000E+00
   1.31818   0.01000  0.3077201E+01  0.3077201E+01  0.3077201E+01  0.0000000E+00  0.0000000E+00  0.0000000E+00
   1.33384   0.01000  0.4869466E+01  0.4869466E+01  0.4869466E+01  0.0000000E+00  0.0000000E+00  0.0000000E+00
   1.34949   0.01000  0.3252766E+01  0.3252766E+01  0.3252766E+01  0.0000000E+00  0.0000000E+00  0.0000000E+00
   1.36515   0.01000  0.1404581E+01  0.1404581E+01  0.1404581E+01  0.0000000E+00  0.0000000E+00  0.0000000E+00
   1.38081   0.01000  0.4553112E+01  0.4553112E+01  0.4553112E+01  0.0000000E+00  0.0000000E+00  0.0000000E+00
   1.39646   0.01000  0.4274709E+01  0.4274709E+01  0.4274709E+01  0.0000000E+00  0.0000000E+00  0.0000000E+00
   1.41212   0.01000  0.3958966E+01  0.3958966E+01  0.3958966E+01  0.0000000E+00  0.0000000E+00  0.0000000E+00
   1.42778   0.01000  0.3181099E+01  0.3181099E+01  0.3181099E+01  0.0000000E+00  0.0000000E+00  0.0000000E+00
   1.44343   0.01000  0.2554914E+01  0.2554914E+01  0.2554914E+01  0.0000000E+00  0.0000000E+00  0.0000000E+00
   1.45909   0.01000  0.3971790E+01  0.3971790E+01  0.3971790E+01  0.0000000E+00  0.0000000E+00  0.0000000E+00
   1.47475   0.01000  0.3319317E+01  0.3319317E+01  0.3319317E+01  0.0000000E+00  0.0000000E+00  0.0000000E+00
   1.49040   0.01000  0.2986610E+01  0.2986610E+01  0.2986610E+01  0.0000000E+00  0.0000000E+00  0.0000000E+00
   1.50606   0.01000  0.2557093E+01  0.2557093E+01  0.2557093E+01  0.0000000E+00  0.0000000E+00  0.0000000E+00
   1.52172   0.01000  0.2134938E+01  0.2134938E+01  0.2134938E+01  0.0000000E+00  0.0000000E+00  0.0000000E+00
   1.53737   0.01000  0.3001419E+01  0.3001419E+01  0.3001419E+01  0.0000000E+00  0.0000000E+00  0.0000000E+00
   1.55303   0.01000  0.2719592E+01  0.2719592E+01  0.2719592E+01  0.0000000E+00  0.0000000E+00  0.0000000E+00
   1.56869   0.01000  0.2459326E+01  0.2459326E+01  0.2459326E+01  0.0000000E+00  0.0000000E+00  0.0000000E+00
   1.58434   0.01000  0.2431551E+01  0.2431551E+01  0.2431551E+01  0.0000000E+00  0.0000000E+00  0.0000000E+00
   1.60000   0.01000  0.2160772E+01  0.2160772E+01  0.2160772E+01  0.0000000E+00  0.0000000E+00  0.0000000E+00
