#  Re(w)     Im(w)    e11            e22            e33            e12            e13            e23
   0.05000   0.01000  0.1439940E+02  0.1439940E+02  0.1439940E+02 -0.2842171E-13 -0.2842171E-13 -0.2842171E-13
   0.06566   0.01000  0.1477151E+02  0.1477151E+02  0.1477151E+02 -0.1136868E-12 -0.1136868E-12  0.1136868E-12
   0.08131   0.01000  0.1528200E+02  0.1528200E+02  0.1528200E+02  0.8526513E-13  0.1136868E-12 -0.1989520E-12
   0.09697   0.01000  0.1596692E+02  0.1596692E+02  0.1596692E+02  0.8526513E-13 -0.2842171E-13 -0.8526513E-13
   0.11263   0.01000  0.1688402E+02  0.1688402E+02  0.1688402E+02 -0.2842171E-13  0.8526513E-13  0.8526513E-13
   0.12828   0.01000  0.1813050E+02  0.1813050E+02  0.1813050E+02  0.2842171E-13  0.1989520E-12  0.2842171E-13
   0.14394   0.01000  0.1988311E+02  0.1988311E+02  0.1988311E+02  0.1705303E-12 -0.1136868E-12  0.0000000E+00
   0.15960   0.01000  0.2250141E+02  0.2250141E+02  0.2250141E+02  0.3126388E-12 -0.5968559E-12  0.1421085E-12
   0.17525   0.01000  0.2680584E+02  0.2680584E+02  0.2680584E+02 -0.3979039E-12 -0.2842171E-12  0.2842171E-12
   0.19091   0.01000  0.3316335E+02  0.3316335E+02  0.3316335E+02  0.3979039E-12  0.4547474E-12 -0.4547474E-12
   0.20657   0.01000  0.1542232E+02  0.1542232E+02  0.1542232E+02  0.1421085E-12  0.1989520E-12 -0.1421085E-12
   0.22222   0.01000  0.2151086E+02  0.2151086E+02  0.2151086E+02 -0.1421085E-12 -0.1421085E-12  0.1136868E-12
   0.23788   0.01000  0.3471609E+02  0.3471609E+02  0.3471609E+02  0.3979039E-12  0.5684342E-13  0.5684342E-13
   0.25354   0.01000  0.3044744E+02  0.3044744E+02  0.3044744E+02 -0.2273737E-12 -0.2273737E-12  0.1136868E-12
   0.26919   0.01000 -0.8551165E+01 -0.8551165E+01 -0.8551165E+01 -0.4263256E-13  0.5684342E-13 -0.5684342E-13
   0.28485   0.01000 -0.2617024E+02 -0.2617024E+02 -0.2617024E+02 -0.2842171E-12 -0.3410605E-12  0.1705303E-12
   0.30051   0.01000 -0.1362491E+02 -0.1362491E+02 -0.1362491E+02 -0.8526513E-13 -0.1989520E-12  0.8526513E-13
   0.31616   0.01000 -0.4771085E+01 -0.4771085E+01 -0.4771085E+01 -0.7105427E-14 -0.8526513E-13  0.7105427E-13
   0.33182   0.01000 -0.1404877E+01 -0.1404877E+01 -0.1404877E+01  0.2842171E-13 -0.1065814E-13  0.1065814E-13
   0.34747   0.01000 -0.1947181E+01 -0.1947181E+01 -0.1947181E+01 -0.4618528E-13  0.1421085E-13  0.1065814E-13
   0.36313   0.01000 -0.5814798E+01 -0.5814798E+01 -0.5814798E+01  0.1421085E-13  0.1421085E-13 -0.1421085E-13
   0.37879   0.01000 -0.2486526E+01 -0.2486526E+01 -0.2486526E+01 -0.1421085E-13  0.2131628E-13  0.0000000E+00
   0.39444   0.01000 -0.1632460E+00 -0.1632460E+00 -0.1632460E+00  0.1598721E-13 -0.2664535E-13  0.8881784E-14
   0.41010   0.01000 -0.7875763E+01 -0.7875763E+01 -0.7875763E+01  0.7105427E-13 -0.1421085E-13 -0.1421085E-13
   0.42576   0.01000 -0.9489593E+01 -0.9489593E+01 -0.9489593E+01 -0.5684342E-13 -0.2842171E-13  0.5684342E-13
   0.44141   0.01000 -0.7245250E+01 -0.7245250E+01 -0.7245250E+01  0.8526513E-13  0.5684342E-13 -0.1136868E-12
   0.45707   0.01000 -0.9290808E+01 -0.9290808E+01 -0.9290808E+01 -0.7105427E-13 -0.7105427E-13  0.9947598E-13
   0.47273   0.01000 -0.9138943E+01 -0.9138943E+01 -0.9138943E+01  0.1278977E-12 -0.7105427E-13  0.4263256E-13
   0.48838   0.01000 -0.6504706E+01 -0.6504706E+01 -0.6504706E+01 -0.7105427E-13 -0.7105427E-13  0.9947598E-13
   0.50404   0.01000 -0.5139670E+01 -0.5139670E+01 -0.5139670E+01  0.0000000E+00 -0.1421085E-13  0.1421085E-13
   0.51970   0.01000 -0.4349768E+01 -0.4349768E+01 -0.4349768E+01 -0.7105427E-14 -0.6394885E-13  0.2842171E-13
   0.53535   0.01000 -0.3862208E+01 -0.3862208E+01 -0.3862208E+01  0.7105427E-14 -0.7105427E-14 -0.7105427E-14
   0.55101   0.01000 -0.3958360E+01 -0.3958360E+01 -0.3958360E+01  0.2131628E-13  0.7105427E-14  0.4263256E-13
   0.56667   0.01000 -0.3331668E+01 -0.3331668E+01 -0.3331668E+01 -0.2131628E-13  0.7105427E-14  0.2131628E-13
   0.58232   0.01000 -0.2870370E+01 -0.2870370E+01 -0.2870370E+01  0.1421085E-13  0.0000000E+00 -0.1421085E-13
   0.59798   0.01000 -0.2304145E+01 -0.2304145E+01 -0.2304145E+01 -0.7105427E-14  0.7105427E-14  0.7105427E-14
   0.61364   0.01000 -0.2567651E+01 -0.2567651E+01 -0.2567651E+01  0.2842171E-13  0.4973799E-13 -0.4973799E-13
   0.62929   0.01000 -0.2847488E+01 -0.2847488E+01 -0.2847488E+01 -0.7105427E-14 -0.1421085E-13  0.2842171E-13
   0.64495   0.01000 -0.3016998E+01 -0.3016998E+01 -0.3016998E+01 -0.6394885E-13 -0.6394885E-13  0.7815970E-13
   0.66061   0.01000 -0.2505800E+01 -0.2505800E+01 -0.2505800E+01 -0.2842171E-13 -0.6394885E-13  0.2131628E-13
   0.67626   0.01000 -0.1883790E+01 -0.1883790E+01 -0.1883790E+01  0.7105427E-14  0.5684342E-13 -0.2131628E-13
   0.69192   0.01000 -0.1889725E+01 -0.1889725E+01 -0.1889725E+01 -0.2131628E-13 -0.2842171E-13  0.3552714E-13
   0.70758   0.01000 -0.2393066E+01 -0.2393066E+01 -0.2393066E+01 -0.1421085E-13 -0.1421085E-13  0.1421085E-13
   0.72323   0.01000 -0.2494987E+01 -0.2494987E+01 -0.2494987E+01  0.7105427E-14  0.1421085E-13 -0.2131628E-13
   0.73889   0.01000 -0.2067914E+01 -0.2067914E+01 -0.2067914E+01 -0.3552714E-13 -0.3552714E-13  0.6394885E-13
   0.75455   0.01000 -0.1601872E+01 -0.1601872E+01 -0.1601872E+01  0.1065814E-13  0.4263256E-13 -0.2131628E-13
   0.77020   0.01000 -0.1229257E+01 -0.1229257E+01 -0.1229257E+01  0.1776357E-13 -0.3552714E-14 -0.3552714E-14
   0.78586   0.01000 -0.1000494E+01 -0.1000494E+01 -0.1000494E+01  0.2842171E-13  0.0000000E+00  0.1421085E-13
   0.80152   0.01000 -0.1218648E+01 -0.1218648E+01 -0.1218648E+01  0.2486900E-13  0.4263256E-13 -0.2131628E-13
   0.81717   0.01000 -0.1429934E+01 -0.1429934E+01 -0.1429934E+01  0.3907985E-13 -0.3552714E-14  0.3552714E-14
   0.83283   0.01000 -0.1178856E+01 -0.1178856E+01 -0.1178856E+01 -0.3552714E-14  0.3552714E-14 -0.1065814E-13
   0.84848   0.01000 -0.1101299E+01 -0.1101299E+01 -0.1101299E+01 -0.2131628E-13 -0.7105427E-14  0.1421085E-13
   0.86414   0.01000 -0.1176913E+01 -0.1176913E+01 -0.1176913E+01  0.0000000E+00 -0.1421085E-13  0.7105427E-14
   0.87980   0.01000 -0.1017098E+01 -0.1017098E+01 -0.1017098E+01 -0.2131628E-13  0.7105427E-14  0.1421085E-13
   0.89545   0.01000 -0.8743700E+00 -0.8743700E+00 -0.8743700E+00  0.3552714E-14  0.0000000E+00  0.0000000E+00
   0.91111   0.01000 -0.7691391E+00 -0.7691391E+00 -0.7691391E+00  0.2131628E-13  0.2842171E-13 -0.2131628E-13
   0.92677   0.01000 -0.7966445E+00 -0.7966445E+00 -0.7966445E+00  0.1776357E-13  0.1065814E-13 -0.1776357E-13
   0.94242   0.01000 -0.7335153E+00 -0.7335153E+00 -0.7335153E+00  0.0000000E+00  0.0000000E+00 -0.1065814E-13
   0.95808   0.01000 -0.5502863E+00 -0.5502863E+00 -0.5502863E+00 -0.1776357E-13 -0.1776357E-13  0.3197442E-13
   0.97374   0.01000 -0.4433570E+00 -0.4433570E+00 -0.4433570E+00  0.7105427E-14 -0.2842171E-13  0.2131628E-13
   0.98939   0.01000 -0.4252544E+00 -0.4252544E+00 -0.4252544E+00  0.0000000E+00  0.3552714E-14  0.0000000E+00
   1.00505   0.01000 -0.3935650E+00 -0.3935650E+00 -0.3935650E+00  0.1598721E-13 -0.5329071E-14 -0.8881784E-14
   1.02071   0.01000 -0.3797666E+00 -0.3797666E+00 -0.3797666E+00 -0.1776357E-14  0.5329071E-14 -0.5329071E-14
   1.03636   0.01000 -0.2677316E+00 -0.2677316E+00 -0.2677316E+00 -0.7105427E-14  0.3552714E-14 -0.7105427E-14
   1.05202   0.01000 -0.1417429E+00 -0.1417429E+00 -0.1417429E+00  0.5329071E-14  0.8881784E-14 -0.1776357E-14
   1.06768   0.01000 -0.7096554E-01 -0.7096554E-01 -0.7096554E-01 -0.1065814E-13  0.0000000E+00  0.3552714E-14
   1.08333   0.01000 -0.6148278E-01 -0.6148278E-01 -0.6148278E-01  0.1065814E-13  0.1776357E-14 -0.1243450E-13
   1.09899   0.01000 -0.2188267E+00 -0.2188267E+00 -0.2188267E+00  0.5329071E-14  0.5329071E-14 -0.8881784E-14
   1.11465   0.01000 -0.2775291E+00 -0.2775291E+00 -0.2775291E+00 -0.8881784E-14 -0.5329071E-14 -0.1776357E-14
   1.13030   0.01000 -0.1979486E+00 -0.1979486E+00 -0.1979486E+00  0.5329071E-14 -0.3552714E-14 -0.7105427E-14
   1.14596   0.01000 -0.1520864E+00 -0.1520864E+00 -0.1520864E+00  0.1776357E-14  0.5329071E-14  0.5329071E-14
   1.16162   0.01000 -0.1841305E+00 -0.1841305E+00 -0.1841305E+00  0.0000000E+00  0.0000000E+00 -0.3552714E-14
   1.17727   0.01000 -0.1183401E+00 -0.1183401E+00 -0.1183401E+00 -0.5329071E-14  0.5329071E-14 -0.1776357E-14
   1.19293   0.01000 -0.9664399E-01 -0.9664399E-01 -0.9664399E-01 -0.3552714E-14  0.1421085E-13  0.1065814E-13
   1.20859   0.01000 -0.9478838E-01 -0.9478838E-01 -0.9478838E-01  0.1243450E-13  0.1598721E-13  0.1776357E-14
   1.22424   0.01000  0.5089884E-02  0.5089884E-02  0.5089884E-02 -0.7105427E-14 -0.7105427E-14  0.8881784E-14
   1.23990   0.01000  0.6693031E-01  0.6693031E-01  0.6693031E-01  0.0000000E+00  0.1776357E-14  0.0000000E+00
   1.25556   0.01000  0.4588353E-01  0.4588353E-01  0.4588353E-01  0.1776357E-13  0.1065814E-13 -0.1421085E-13
   1.27121   0.01000  0.8495516E-01  0.8495516E-01  0.8495516E-01 -0.1065814E-13 -0.1065814E-13  0.1421085E-13
   1.28687   0.01000  0.8570152E-01  0.8570152E-01  0.8570152E-01  0.0000000E+00 -0.7105427E-14 -0.3552714E-14
   1.30253   0.01000  0.8733495E-01  0.8733495E-01  0.8733495E-01 -0.7105427E-14 -0.1776357E-14  0.8881784E-14
   1.31818   0.01000  0.1019542E+00  0.1019542E+00  0.1019542E+00  0.7105427E-14 -0.1776357E-14 -0.5329071E-14
   1.33384   0.01000  0.1372252E+00  0.1372252E+00  0.1372252E+00  0.3552714E-14  0.8881784E-14 -0.5329071E-14
   1.34949   0.01000  0.1768137E+00  0.1768137E+00  0.1768137E+00 -0.1776357E-14  0.5329071E-14 -0.1776357E-14
   1.36515   0.01000  0.1818615E+00  0.1818615E+00  0.1818615E+00 -0.1776357E-14  0.7105427E-14 -0.8881784E-14
   1.38081   0.01000  0.1694275E+00  0.1694275E+00  0.1694275E+00 -0.7105427E-14  0.1776357E-14  0.1776357E-14
   1.39646   0.01000  0.1880147E+00  0.1880147E+00  0.1880147E+00 -0.8881784E-14 -0.7105427E-14  0.1065814E-13
   1.41212   0.01000  0.2365149E+00  0.2365149E+00  0.2365149E+00  0.1421085E-13  0.7105427E-14 -0.7105427E-14
   1.42778   0.01000  0.2368973E+00  0.2368973E+00  0.2368973E+00  0.1243450E-13  0.0000000E+00  0.0000000E+00
   1.44343   0.01000  0.2460187E+00  0.2460187E+00  0.2460187E+00  0.8881784E-14  0.0000000E+00 -0.7105427E-14
   1.45909   0.01000  0.2848515E+00  0.2848515E+00  0.2848515E+00 -0.6217249E-14 -0.1332268E-13  0.1332268E-13
   1.47475   0.01000  0.2959809E+00  0.2959809E+00  0.2959809E+00 -0.9769963E-14  0.8881784E-15  0.4440892E-14
   1.49040   0.01000  0.3315758E+00  0.3315758E+00  0.3315758E+00 -0.2664535E-14  0.7993606E-14 -0.8881784E-15
   1.50606   0.01000  0.3648055E+00  0.3648055E+00  0.3648055E+00  0.2664535E-14 -0.7105427E-14  0.6217249E-14
   1.52172   0.01000  0.3514498E+00  0.3514498E+00  0.3514498E+00  0.1065814E-13  0.7105427E-14 -0.3552714E-14
   1.53737   0.01000  0.3646405E+00  0.3646405E+00  0.3646405E+00  0.7105427E-14  0.1776357E-14  0.0000000E+00
   1.55303   0.01000  0.3728708E+00  0.3728708E+00  0.3728708E+00  0.2664535E-14  0.2664535E-14 -0.8881784E-15
   1.56869   0.01000  0.3924604E+00  0.3924604E+00  0.3924604E+00 -0.7993606E-14  0.6217249E-14 -0.8881784E-15
   1.58434   0.01000  0.3954304E+00  0.3954304E+00  0.3954304E+00  0.3552714E-14 -0.7105427E-14  0.3552714E-14
   1.60000   0.01000  0.3988083E+00  0.3988083E+00  0.3988083E+00  0.8881784E-15  0.6217249E-14 -0.2664535E-14
