#  Re(w)     Im(w)    e11            e22            e33            e12            e13            e23
   0.05000   0.01000  0.2004682E+00  0.2004682E+00  0.2004682E+00 -0.2220446E-15 -0.2220446E-15  0.6661338E-15
   0.06566   0.01000  0.2813669E+00  0.2813669E+00  0.2813669E+00 -0.6661338E-15  0.4440892E-15  0.8881784E-15
   0.08131   0.01000  0.3810080E+00  0.3810080E+00  0.3810080E+00  0.0000000E+00 -0.8881784E-15  0.1776357E-14
   0.09697   0.01000  0.5104579E+00  0.5104579E+00  0.5104579E+00  0.4440892E-15 -0.4440892E-15 -0.1332268E-14
   0.11263   0.01000  0.6891620E+00  0.6891620E+00  0.6891620E+00  0.3108624E-14  0.5773160E-14 -0.5773160E-14
   0.12828   0.01000  0.9551818E+00  0.9551818E+00  0.9551818E+00 -0.8881784E-15  0.8881784E-15  0.1776357E-14
   0.14394   0.01000  0.1394473E+01  0.1394473E+01  0.1394473E+01 -0.1065814E-13  0.3552714E-14  0.0000000E+00
   0.15960   0.01000  0.2246176E+01  0.2246176E+01  0.2246176E+01 -0.1598721E-13 -0.3552714E-14  0.1421085E-13
   0.17525   0.01000  0.4435304E+01  0.4435304E+01  0.4435304E+01 -0.1065814E-13 -0.1776357E-13  0.1065814E-13
   0.19091   0.01000  0.1365942E+02  0.1365942E+02  0.1365942E+02  0.7105427E-13  0.4263256E-13 -0.7105427E-13
   0.20657   0.01000  0.2286133E+02  0.2286133E+02  0.2286133E+02 -0.2131628E-12  0.1421085E-13  0.1421085E-13
   0.22222   0.01000  0.1131846E+02  0.1131846E+02  0.1131846E+02 -0.7815970E-13  0.2131628E-13 -0.3552714E-13
   0.23788   0.01000  0.2092446E+02  0.2092446E+02  0.2092446E+02 -0.7105427E-13 -0.9947598E-13  0.7105427E-13
   0.25354   0.01000  0.5289368E+02  0.5289368E+02  0.5289368E+02 -0.2842171E-12 -0.1705303E-12  0.5684342E-13
   0.26919   0.01000  0.4717526E+02  0.4717526E+02  0.4717526E+02  0.4831691E-12 -0.8526513E-13 -0.2842171E-13
   0.28485   0.01000  0.2512135E+02  0.2512135E+02  0.2512135E+02 -0.5684342E-13  0.5684342E-13 -0.5684342E-13
   0.30051   0.01000  0.9181242E+01  0.9181242E+01  0.9181242E+01  0.0000000E+00  0.2842171E-13  0.2842171E-13
   0.31616   0.01000  0.8012800E+01  0.8012800E+01  0.8012800E+01  0.2131628E-13 -0.3552714E-13  0.3552714E-13
   0.33182   0.01000  0.9475845E+01  0.9475845E+01  0.9475845E+01 -0.1421085E-13 -0.6394885E-13 -0.2131628E-13
   0.34747   0.01000  0.1418510E+02  0.1418510E+02  0.1418510E+02  0.5684342E-13  0.0000000E+00 -0.7105427E-13
   0.36313   0.01000  0.1134957E+02  0.1134957E+02  0.1134957E+02  0.2131628E-13 -0.2842171E-13 -0.1421085E-13
   0.37879   0.01000  0.8963897E+01  0.8963897E+01  0.8963897E+01 -0.2131628E-13  0.8526513E-13 -0.4263256E-13
   0.39444   0.01000  0.1245480E+02  0.1245480E+02  0.1245480E+02 -0.5684342E-13 -0.4263256E-13  0.9947598E-13
   0.41010   0.01000  0.1692002E+02  0.1692002E+02  0.1692002E+02 -0.1421085E-13  0.9947598E-13 -0.1421085E-13
   0.42576   0.01000  0.8658519E+01  0.8658519E+01  0.8658519E+01 -0.1421085E-13  0.2842171E-13  0.0000000E+00
   0.44141   0.01000  0.7861278E+01  0.7861278E+01  0.7861278E+01  0.2131628E-13 -0.7105427E-14 -0.2131628E-13
   0.45707   0.01000  0.6405786E+01  0.6405786E+01  0.6405786E+01 -0.2842171E-13 -0.2131628E-13  0.3552714E-13
   0.47273   0.01000  0.3971890E+01  0.3971890E+01  0.3971890E+01 -0.2842171E-13  0.3552714E-14  0.7105427E-14
   0.48838   0.01000  0.2796189E+01  0.2796189E+01  0.2796189E+01  0.1421085E-13  0.0000000E+00  0.0000000E+00
   0.50404   0.01000  0.1667720E+01  0.1667720E+01  0.1667720E+01  0.5329071E-14  0.1065814E-13 -0.1065814E-13
   0.51970   0.01000  0.2729139E+01  0.2729139E+01  0.2729139E+01 -0.1243450E-13  0.8881784E-14 -0.8881784E-14
   0.53535   0.01000  0.1834756E+01  0.1834756E+01  0.1834756E+01  0.7105427E-14  0.1065814E-13 -0.8881784E-14
   0.55101   0.01000  0.2128254E+01  0.2128254E+01  0.2128254E+01  0.0000000E+00  0.1776357E-14 -0.5329071E-14
   0.56667   0.01000  0.2296918E+01  0.2296918E+01  0.2296918E+01  0.5329071E-14 -0.5329071E-14 -0.5329071E-14
   0.58232   0.01000  0.1370436E+01  0.1370436E+01  0.1370436E+01  0.1154632E-13  0.9769963E-14 -0.7993606E-14
   0.59798   0.01000  0.2599193E+01  0.2599193E+01  0.2599193E+01 -0.5329071E-14 -0.8881784E-14 -0.1776357E-14
   0.61364   0.01000  0.1565623E+01  0.1565623E+01  0.1565623E+01 -0.7105427E-14  0.3552714E-14  0.0000000E+00
   0.62929   0.01000  0.2981828E+01  0.2981828E+01  0.2981828E+01  0.1776357E-13  0.1065814E-13 -0.1776357E-13
   0.64495   0.01000  0.1602738E+01  0.1602738E+01  0.1602738E+01  0.1776357E-14 -0.1776357E-14 -0.1776357E-14
   0.66061   0.01000  0.8781623E+00  0.8781623E+00  0.8781623E+00 -0.6217249E-14 -0.2664535E-14  0.6217249E-14
   0.67626   0.01000  0.1530742E+01  0.1530742E+01  0.1530742E+01 -0.5329071E-14 -0.7105427E-14  0.0000000E+00
   0.69192   0.01000  0.1353198E+01  0.1353198E+01  0.1353198E+01  0.8881784E-14  0.8881784E-15 -0.1776357E-14
   0.70758   0.01000  0.1552131E+01  0.1552131E+01  0.1552131E+01  0.1776357E-14 -0.3552714E-14  0.7105427E-14
   0.72323   0.01000  0.1255675E+01  0.1255675E+01  0.1255675E+01 -0.4440892E-14  0.8881784E-15  0.1065814E-13
   0.73889   0.01000  0.5110392E+00  0.5110392E+00  0.5110392E+00  0.1332268E-14  0.2220446E-14 -0.1776357E-14
   0.75455   0.01000  0.4777323E+00  0.4777323E+00  0.4777323E+00  0.1332268E-14  0.2220446E-14  0.4440892E-15
   0.77020   0.01000  0.3937485E+00  0.3937485E+00  0.3937485E+00  0.0000000E+00  0.1332268E-14 -0.2220446E-14
   0.78586   0.01000  0.6546953E+00  0.6546953E+00  0.6546953E+00 -0.2220446E-14  0.4440892E-15 -0.4440892E-15
   0.80152   0.01000  0.1731410E+01  0.1731410E+01  0.1731410E+01 -0.5329071E-14 -0.3552714E-14  0.3552714E-14
   0.81717   0.01000  0.6439696E+00  0.6439696E+00  0.6439696E+00 -0.8881784E-15  0.2664535E-14  0.8881784E-15
   0.83283   0.01000  0.6007533E+00  0.6007533E+00  0.6007533E+00  0.2220446E-14 -0.4440892E-14  0.1776357E-14
   0.84848   0.01000  0.5465833E+00  0.5465833E+00  0.5465833E+00  0.2220446E-14 -0.1332268E-14 -0.1332268E-14
   0.86414   0.01000  0.4925130E+00  0.4925130E+00  0.4925130E+00 -0.1776357E-14 -0.2220446E-14  0.2220446E-14
   0.87980   0.01000  0.8156940E+00  0.8156940E+00  0.8156940E+00 -0.2664535E-14 -0.1776357E-14  0.5329071E-14
   0.89545   0.01000  0.3258421E+00  0.3258421E+00  0.3258421E+00 -0.2220446E-14 -0.2220446E-15  0.1110223E-14
   0.91111   0.01000  0.3958176E+00  0.3958176E+00  0.3958176E+00 -0.8881784E-15  0.0000000E+00 -0.8881784E-15
   0.92677   0.01000  0.3225043E+00  0.3225043E+00  0.3225043E+00 -0.1332268E-14  0.3108624E-14  0.0000000E+00
   0.94242   0.01000  0.2420623E+00  0.2420623E+00  0.2420623E+00  0.8881784E-15  0.1332268E-14 -0.8881784E-15
   0.95808   0.01000  0.5182756E+00  0.5182756E+00  0.5182756E+00  0.2664535E-14  0.0000000E+00 -0.8881784E-15
   0.97374   0.01000  0.2686231E+00  0.2686231E+00  0.2686231E+00  0.1554312E-14  0.2220446E-15  0.2220446E-15
   0.98939   0.01000  0.2786341E+00  0.2786341E+00  0.2786341E+00 -0.1110223E-14  0.2220446E-15  0.2220446E-15
   1.00505   0.01000  0.2972789E+00  0.2972789E+00  0.2972789E+00 -0.8881784E-15 -0.8881784E-15  0.6661338E-15
   1.02071   0.01000  0.1898711E+00  0.1898711E+00  0.1898711E+00 -0.1110223E-14  0.0000000E+00  0.8881784E-15
   1.03636   0.01000  0.3856860E+00  0.3856860E+00  0.3856860E+00  0.4440892E-15  0.8881784E-15 -0.8881784E-15
   1.05202   0.01000  0.3234616E+00  0.3234616E+00  0.3234616E+00 -0.6661338E-15  0.6661338E-15  0.6661338E-15
   1.06768   0.01000  0.2420945E+00  0.2420945E+00  0.2420945E+00  0.1776357E-14  0.1776357E-14 -0.2220446E-14
   1.08333   0.01000  0.5085923E+00  0.5085923E+00  0.5085923E+00  0.1332268E-14  0.4440892E-15 -0.2664535E-14
   1.09899   0.01000  0.3587785E+00  0.3587785E+00  0.3587785E+00 -0.2442491E-14 -0.1110223E-14  0.1998401E-14
   1.11465   0.01000  0.7148511E+00  0.7148511E+00  0.7148511E+00 -0.7993606E-14  0.1776357E-14  0.8881784E-15
   1.13030   0.01000  0.2690987E+00  0.2690987E+00  0.2690987E+00 -0.4440892E-15  0.8881784E-15  0.1110223E-14
   1.14596   0.01000  0.2500030E+00  0.2500030E+00  0.2500030E+00 -0.1332268E-14 -0.1776357E-14  0.1776357E-14
   1.16162   0.01000  0.2869097E+00  0.2869097E+00  0.2869097E+00 -0.6661338E-15  0.6661338E-15  0.2220446E-15
   1.17727   0.01000  0.1728970E+00  0.1728970E+00  0.1728970E+00 -0.5551115E-15 -0.1110223E-15  0.5551115E-15
   1.19293   0.01000  0.3706567E+00  0.3706567E+00  0.3706567E+00 -0.2220446E-15 -0.2220446E-15 -0.4440892E-15
   1.20859   0.01000  0.1938142E+00  0.1938142E+00  0.1938142E+00 -0.8881784E-15  0.0000000E+00  0.0000000E+00
   1.22424   0.01000  0.1140965E+00  0.1140965E+00  0.1140965E+00 -0.3330669E-15  0.0000000E+00  0.2220446E-15
   1.23990   0.01000  0.1944021E+00  0.1944021E+00  0.1944021E+00  0.1332268E-14  0.1110223E-14 -0.1332268E-14
   1.25556   0.01000  0.1449448E+00  0.1449448E+00  0.1449448E+00 -0.1110223E-15 -0.3330669E-15  0.1110223E-15
   1.27121   0.01000  0.1807134E+00  0.1807134E+00  0.1807134E+00 -0.8881784E-15 -0.7771561E-15  0.1110223E-14
   1.28687   0.01000  0.3479366E+00  0.3479366E+00  0.3479366E+00  0.6661338E-15 -0.2220446E-15  0.6661338E-15
   1.30253   0.01000  0.1319864E+00  0.1319864E+00  0.1319864E+00 -0.3330669E-15  0.3330669E-15  0.5551115E-15
   1.31818   0.01000  0.1561917E+00  0.1561917E+00  0.1561917E+00 -0.4440892E-15  0.6661338E-15 -0.2220446E-15
   1.33384   0.01000  0.9735499E-01  0.9735499E-01  0.9735499E-01 -0.5551115E-15 -0.1110223E-15  0.5551115E-15
   1.34949   0.01000  0.1219376E+00  0.1219376E+00  0.1219376E+00  0.1110223E-15  0.1110223E-15 -0.3330669E-15
   1.36515   0.01000  0.3019679E+00  0.3019679E+00  0.3019679E+00  0.8881784E-15 -0.1332268E-14  0.4440892E-15
   1.38081   0.01000  0.1098026E+00  0.1098026E+00  0.1098026E+00  0.1221245E-14  0.8881784E-15 -0.9992007E-15
   1.39646   0.01000  0.8010498E-01  0.8010498E-01  0.8010498E-01 -0.1665335E-15  0.1110223E-15 -0.1665335E-15
   1.41212   0.01000  0.8510166E-01  0.8510166E-01  0.8510166E-01  0.5551115E-16 -0.3885781E-15  0.4996004E-15
   1.42778   0.01000  0.8166976E-01  0.8166976E-01  0.8166976E-01 -0.1110223E-15  0.4440892E-15  0.2220446E-15
   1.44343   0.01000  0.1851374E+00  0.1851374E+00  0.1851374E+00  0.2331468E-14  0.4440892E-15 -0.1110223E-14
   1.45909   0.01000  0.7032301E-01  0.7032301E-01  0.7032301E-01 -0.1110223E-15  0.1110223E-15  0.3330669E-15
   1.47475   0.01000  0.4702523E-01  0.4702523E-01  0.4702523E-01 -0.5551115E-16 -0.1110223E-15  0.1665335E-15
   1.49040   0.01000  0.4603174E-01  0.4603174E-01  0.4603174E-01  0.2498002E-15 -0.8326673E-16  0.2775558E-16
   1.50606   0.01000  0.5250599E-01  0.5250599E-01  0.5250599E-01 -0.5551115E-16 -0.1665335E-15  0.5551115E-16
   1.52172   0.01000  0.1460102E+00  0.1460102E+00  0.1460102E+00 -0.3330669E-15  0.3330669E-15 -0.1110223E-15
   1.53737   0.01000  0.9520664E-01  0.9520664E-01  0.9520664E-01 -0.7771561E-15 -0.3330669E-15  0.1110223E-15
   1.55303   0.01000  0.4692832E-01  0.4692832E-01  0.4692832E-01 -0.1665335E-15 -0.1665335E-15  0.1665335E-15
   1.56869   0.01000  0.6755304E-01  0.6755304E-01  0.6755304E-01  0.1665335E-15 -0.5551115E-16  0.5551115E-16
   1.58434   0.01000  0.4549012E-01  0.4549012E-01  0.4549012E-01 -0.2775558E-16 -0.2775558E-16  0.1387779E-15
   1.60000   0.01000  0.7352158E-01  0.7352158E-01  0.7352158E-01 -0.4996004E-15 -0.3885781E-15  0.1665335E-15
