# Im(w)=  0.1000000E-01 Ry
# Re(w) (Ry)      lambda         e1             e2          n              k              R         alpha (cm^-1)
  0.5000000E-01  0.1822534E+04  0.1439935E+02  0.2004682E+00  0.3794739E+01  0.2641396E-01  0.3397647E+00  0.1821242E+04
  0.6565657E-01  0.1387930E+04  0.1477145E+02  0.2813669E+00  0.3843538E+01  0.3660258E-01  0.3446989E+00  0.3314012E+04
  0.8131313E-01  0.1120689E+04  0.1528194E+02  0.3810080E+00  0.3909516E+01  0.4872829E-01  0.3512717E+00  0.5463941E+04
  0.9696970E-01  0.9397441E+03  0.1596685E+02  0.5104579E+00  0.3996365E+01  0.6386528E-01  0.3597555E+00  0.8540141E+04
  0.1126263E+00  0.8091071E+03  0.1688395E+02  0.6891620E+00  0.4109864E+01  0.8384244E-01  0.3705636E+00  0.1302170E+05
  0.1282828E+00  0.7103578E+03  0.1813042E+02  0.9551818E+00  0.4259459E+01  0.1121248E+00  0.3843484E+00  0.1983510E+05
  0.1439394E+00  0.6330908E+03  0.1988301E+02  0.1394473E+01  0.4461774E+01  0.1562689E+00  0.4022154E+00  0.3101819E+05
  0.1595960E+00  0.5709838E+03  0.2250127E+02  0.2246176E+01  0.4749440E+01  0.2364675E+00  0.4262572E+00  0.5204242E+05
  0.1752525E+00  0.5199737E+03  0.2680563E+02  0.4435304E+01  0.5194984E+01  0.4268834E+00  0.4611020E+00  0.1031663E+06
  0.1909091E+00  0.4773304E+03  0.3316607E+02  0.1365942E+02  0.5875152E+01  0.1162474E+01  0.5166380E+00  0.3060371E+06
  0.2065657E+00  0.4411513E+03  0.1544165E+02  0.2286133E+02  0.4638395E+01  0.2464357E+01  0.5100014E+00  0.7019821E+06
  0.2222222E+00  0.4100702E+03  0.2144613E+02  0.1131846E+02  0.4779945E+01  0.1183953E+01  0.4507311E+00  0.3628157E+06
  0.2378788E+00  0.3830804E+03  0.3499723E+02  0.2092446E+02  0.6155189E+01  0.1699742E+01  0.5447838E+00  0.5575744E+06
  0.2535354E+00  0.3594241E+03  0.3344253E+02  0.5289368E+02  0.6928983E+01  0.3816842E+01  0.6420844E+00  0.1334464E+07
  0.2691919E+00  0.3385195E+03 -0.1316911E+02  0.4717526E+02  0.4231416E+01  0.5574405E+01  0.7103838E+00  0.2069306E+07
  0.2848485E+00  0.3199129E+03 -0.2610237E+02  0.2512135E+02  0.2249990E+01  0.5582546E+01  0.7843146E+00  0.2192858E+07
  0.3005051E+00  0.3032452E+03 -0.1402411E+02  0.9181242E+01  0.1170059E+01  0.3923410E+01  0.7671792E+00  0.1625847E+07
  0.3161616E+00  0.2882282E+03 -0.4557705E+01  0.8012800E+01  0.1526536E+01  0.2624503E+01  0.5399021E+00  0.1144249E+07
  0.3318182E+00  0.2746284E+03 -0.3265517E+01  0.9475845E+01  0.1838099E+01  0.2577620E+01  0.4998006E+00  0.1179460E+07
  0.3474747E+00  0.2622542E+03  0.1914958E+01  0.1418510E+02  0.2848572E+01  0.2489861E+01  0.4576967E+00  0.1193061E+07
  0.3631313E+00  0.2509470E+03 -0.8022812E+01  0.1134957E+02  0.1714066E+01  0.3310715E+01  0.6258925E+00  0.1657867E+07
  0.3787879E+00  0.2405745E+03 -0.1046852E+01  0.8963897E+01  0.1997244E+01  0.2244067E+01  0.4301447E+00  0.1172185E+07
  0.3944444E+00  0.2310254E+03 -0.4163546E+01  0.1245480E+02  0.2117634E+01  0.2940734E+01  0.5388317E+00  0.1599580E+07
  0.4101010E+00  0.2222055E+03 -0.3226453E+01  0.1692002E+02  0.2645604E+01  0.3197761E+01  0.5499928E+00  0.1808427E+07
  0.4257576E+00  0.2140343E+03 -0.1133638E+02  0.8658519E+01  0.1210038E+01  0.3577789E+01  0.7263108E+00  0.2100590E+07
  0.4414141E+00  0.2064426E+03 -0.6043970E+01  0.7861278E+01  0.1391428E+01  0.2824897E+01  0.5937131E+00  0.1719543E+07
  0.4570707E+00  0.1993711E+03 -0.1043292E+02  0.6405786E+01  0.9512163E+00  0.3367156E+01  0.7487706E+00  0.2122319E+07
  0.4727273E+00  0.1927680E+03 -0.7309642E+01  0.3971890E+01  0.7104291E+00  0.2795416E+01  0.7354062E+00  0.1822306E+07
  0.4883838E+00  0.1865883E+03 -0.7491380E+01  0.2796189E+01  0.5024114E+00  0.2782768E+01  0.7990563E+00  0.1874142E+07
  0.5040404E+00  0.1807925E+03 -0.5303761E+01  0.1667720E+01  0.3577852E+00  0.2330616E+01  0.8032891E+00  0.1619945E+07
  0.5196970E+00  0.1753458E+03 -0.3933388E+01  0.2729139E+01  0.6534787E+00  0.2088162E+01  0.6315531E+00  0.1496507E+07
  0.5353535E+00  0.1702178E+03 -0.4413177E+01  0.1834756E+01  0.4279028E+00  0.2143893E+01  0.7420401E+00  0.1582734E+07
  0.5510101E+00  0.1653812E+03 -0.2847316E+01  0.2128254E+01  0.5947663E+00  0.1789152E+01  0.5858421E+00  0.1359474E+07
  0.5666667E+00  0.1608118E+03 -0.4095739E+01  0.2296918E+01  0.5477685E+00  0.2096614E+01  0.6773741E+00  0.1638364E+07
  0.5823232E+00  0.1564882E+03 -0.2824665E+01  0.1370436E+01  0.3967957E+00  0.1726879E+01  0.6782618E+00  0.1386725E+07
  0.5979798E+00  0.1523909E+03 -0.2479487E+01  0.2599193E+01  0.7458820E+00  0.1742362E+01  0.5096052E+00  0.1436776E+07
  0.6136364E+00  0.1485028E+03 -0.2567903E+01  0.1565623E+01  0.4688485E+00  0.1669647E+01  0.6207677E+00  0.1412863E+07
  0.6292929E+00  0.1448081E+03 -0.1939709E+01  0.2981828E+01  0.8993065E+00  0.1657848E+01  0.4340270E+00  0.1438672E+07
  0.6449495E+00  0.1412928E+03 -0.3592114E+01  0.1602738E+01  0.4131215E+00  0.1939790E+01  0.7130949E+00  0.1725220E+07
  0.6606061E+00  0.1379441E+03 -0.2446025E+01  0.8781623E+00  0.2764605E+00  0.1588224E+01  0.7336480E+00  0.1446833E+07
  0.6762626E+00  0.1347505E+03 -0.1600657E+01  0.1530742E+01  0.5541335E+00  0.1381203E+01  0.4872756E+00  0.1288063E+07
  0.6919192E+00  0.1317014E+03 -0.2406912E+01  0.1353198E+01  0.4209003E+00  0.1607504E+01  0.6342404E+00  0.1533810E+07
  0.7075758E+00  0.1287872E+03 -0.1645857E+01  0.1552131E+01  0.5551725E+00  0.1397882E+01  0.4921392E+00  0.1363979E+07
  0.7232323E+00  0.1259992E+03 -0.2787470E+01  0.1255675E+01  0.3672660E+00  0.1709489E+01  0.6934194E+00  0.1704937E+07
  0.7388889E+00  0.1233294E+03 -0.2152119E+01  0.5110392E+00  0.1729788E+00  0.1477173E+01  0.8055282E+00  0.1505132E+07
  0.7545455E+00  0.1207703E+03 -0.1660698E+01  0.4777323E+00  0.1835060E+00  0.1301681E+01  0.7628401E+00  0.1354422E+07
  0.7702020E+00  0.1183153E+03 -0.1289535E+01  0.3937485E+00  0.1714270E+00  0.1148444E+01  0.7452002E+00  0.1219772E+07
  0.7858586E+00  0.1159581E+03 -0.7315068E+00  0.6546953E+00  0.3536875E+00  0.9255278E+00  0.4738890E+00  0.1002993E+07
  0.8015152E+00  0.1136931E+03 -0.1258165E+01  0.1731410E+01  0.6641181E+00  0.1303541E+01  0.4055123E+00  0.1440789E+07
  0.8171717E+00  0.1115148E+03 -0.1618564E+01  0.6439696E+00  0.2483970E+00  0.1296251E+01  0.6932196E+00  0.1460718E+07
  0.8328283E+00  0.1094184E+03 -0.1106563E+01  0.6007533E+00  0.2761867E+00  0.1087585E+01  0.6070606E+00  0.1249059E+07
  0.8484848E+00  0.1073993E+03 -0.1247642E+01  0.5465833E+00  0.2392441E+00  0.1142313E+01  0.6631083E+00  0.1336576E+07
  0.8641414E+00  0.1054535E+03 -0.8392507E+00  0.4925130E+00  0.2586916E+00  0.9519307E+00  0.5845107E+00  0.1134369E+07
  0.8797980E+00  0.1035769E+03 -0.1160429E+01  0.8156940E+00  0.3591685E+00  0.1135531E+01  0.5419893E+00  0.1377673E+07
  0.8954545E+00  0.1017659E+03 -0.1026230E+01  0.3258421E+00  0.1588832E+00  0.1025414E+01  0.7345846E+00  0.1266214E+07
  0.9111111E+00  0.1000171E+03 -0.7321582E+00  0.3958176E+00  0.2237679E+00  0.8844378E+00  0.6073968E+00  0.1111227E+07
  0.9267677E+00  0.9832745E+02 -0.8372022E+00  0.3225043E+00  0.1731607E+00  0.9312286E+00  0.6912659E+00  0.1190122E+07
  0.9424242E+00  0.9669393E+02 -0.5709395E+00  0.2420623E+00  0.1568349E+00  0.7717103E+00  0.6755929E+00  0.1002917E+07
  0.9580808E+00  0.9511380E+02 -0.4956086E+00  0.5182756E+00  0.3327874E+00  0.7786887E+00  0.4413222E+00  0.1028798E+07
  0.9737374E+00  0.9358448E+02 -0.6130365E+00  0.2686231E+00  0.1677359E+00  0.8007320E+00  0.6653279E+00  0.1075210E+07
  0.9893939E+00  0.9210356E+02 -0.3772374E+00  0.2786341E+00  0.2141794E+00  0.6504692E+00  0.5484643E+00  0.8874833E+06
  0.1005051E+01  0.9066878E+02 -0.4761097E+00  0.2972789E+00  0.2063832E+00  0.7202109E+00  0.5818105E+00  0.9981867E+06
  0.1020707E+01  0.8927802E+02 -0.2788644E+00  0.1898711E+00  0.1710299E+00  0.5550817E+00  0.5926470E+00  0.7813079E+06
  0.1036364E+01  0.8792928E+02 -0.9875144E-01  0.3856860E+00  0.3868954E+00  0.4984370E+00  0.2874587E+00  0.7123389E+06
  0.1052020E+01  0.8662068E+02 -0.3398383E+00  0.3234616E+00  0.2542917E+00  0.6360052E+00  0.4856950E+00  0.9226753E+06
  0.1067677E+01  0.8535046E+02 -0.1039335E+00  0.2420945E+00  0.2824252E+00  0.4285994E+00  0.3821072E+00  0.6310380E+06
  0.1083333E+01  0.8411696E+02 -0.9622509E-01  0.5085923E+00  0.4590153E+00  0.5540037E+00  0.2461707E+00  0.8276352E+06
  0.1098990E+01  0.8291860E+02 -0.7255787E-01  0.3587785E+00  0.3830692E+00  0.4682947E+00  0.2813568E+00  0.7097038E+06
  0.1114646E+01  0.8175391E+02 -0.2333854E+00  0.7148511E+00  0.5092147E+00  0.7019152E+00  0.2647818E+00  0.1078912E+07
  0.1130303E+01  0.8062148E+02 -0.3483713E+00  0.2690987E+00  0.2142772E+00  0.6279220E+00  0.5413478E+00  0.9787343E+06
  0.1145960E+01  0.7952000E+02 -0.1176461E+00  0.2500030E+00  0.2816511E+00  0.4438169E+00  0.3875829E+00  0.7013541E+06
  0.1161616E+01  0.7844821E+02 -0.2250278E+00  0.2869097E+00  0.2641985E+00  0.5429812E+00  0.4417437E+00  0.8697845E+06
  0.1177273E+01  0.7740492E+02 -0.7094122E-01  0.1728970E+00  0.2407736E+00  0.3590448E+00  0.4227548E+00  0.5828944E+06
  0.1192929E+01  0.7638902E+02  0.1767287E-02  0.3706567E+00  0.4315253E+00  0.4294727E+00  0.2272497E+00  0.7065038E+06
  0.1208586E+01  0.7539945E+02 -0.1724963E+00  0.1938142E+00  0.2085217E+00  0.4647339E+00  0.5024840E+00  0.7745440E+06
  0.1224242E+01  0.7443518E+02 -0.2144056E-01  0.1140965E+00  0.2175465E+00  0.2622347E+00  0.4390191E+00  0.4427126E+06
  0.1239899E+01  0.7349527E+02  0.7853002E-01  0.1944021E+00  0.3796014E+00  0.2560609E+00  0.2287923E+00  0.4378181E+06
  0.1255556E+01  0.7257879E+02  0.4349549E-01  0.1449448E+00  0.3121103E+00  0.2322012E+00  0.2968710E+00  0.4020356E+06
  0.1271212E+01  0.7168489E+02  0.1849502E+00  0.1807134E+00  0.4709197E+00  0.1918729E+00  0.1439458E+00  0.3363534E+06
  0.1286869E+01  0.7081275E+02  0.1093323E-01  0.3479366E+00  0.4236989E+00  0.4105941E+00  0.2280615E+00  0.7286369E+06
  0.1302525E+01  0.6996156E+02  0.3419337E-01  0.1319864E+00  0.2920077E+00  0.2259981E+00  0.3210540E+00  0.4059338E+06
  0.1318182E+01  0.6913060E+02  0.1177012E+00  0.1561917E+00  0.3957750E+00  0.1973239E+00  0.2033212E+00  0.3586899E+06
  0.1333838E+01  0.6831915E+02  0.1353200E+00  0.9735499E-01  0.3886012E+00  0.1252634E+00  0.2003697E+00  0.2304048E+06
  0.1349495E+01  0.6752653E+02  0.2473082E+00  0.1219376E+00  0.5113921E+00  0.1192212E+00  0.1100497E+00  0.2218651E+06
  0.1380808E+01  0.6599520E+02  0.1081667E+00  0.1098026E+00  0.3621455E+00  0.1516002E+00  0.2288308E+00  0.2886671E+06
  0.1396465E+01  0.6525529E+02  0.2021989E+00  0.8010498E-01  0.4580869E+00  0.8743426E-01  0.1412194E+00  0.1683743E+06
  0.1412121E+01  0.6453179E+02  0.2196138E+00  0.8510166E-01  0.4770429E+00  0.8919707E-01  0.1285343E+00  0.1736948E+06
  0.1443434E+01  0.6313187E+02  0.2591296E+00  0.1851374E+00  0.5374016E+00  0.1722523E+00  0.1018137E+00  0.3428675E+06
  0.1459091E+01  0.6245444E+02  0.2303025E+00  0.7032301E-01  0.4853361E+00  0.7244773E-01  0.1221483E+00  0.1457711E+06
  0.1537374E+01  0.5927427E+02  0.3032891E+00  0.9520664E-01  0.5573017E+00  0.8541750E-01  0.8356801E-01  0.1810884E+06
