#
# Temperature T in K, 
# Chemical potential in Ry
# Energy and free energy in Ry/cell,
# Entropy in Ry/cell/K,
# Heat capacity Cv in Ry/cell/K.
# Multiply by 13.6058 to have energies in eV/cell etc..
# Multiply by 13.6058 x 23060.35 = 313 754.5 to have energies in cal/(N mol).
# Multiply by 13.6058 x 96526.0 = 1 313 313 to have energies in J/(N mol).
# N is the number of formula units per cell.
# For instance in silicon N=2. Divide by N to have energies in cal/mol etc. 
#        T             energy            free energy           entropy              Cv            chemical pot
  0.10000000E+01  0.000000000000E+00 -0.738513916687E-09  0.738513935866E-09  0.738463539093E-09  0.579656714247E+00
  0.40000000E+01  0.554137657982E-08 -0.627478591309E-08  0.295404063066E-08  0.295403610132E-08  0.579656712262E+00
  0.70000000E+01  0.135640316756E-07 -0.226229071032E-07  0.516956268947E-08  0.516953782470E-08  0.579656706306E+00
  0.10000000E+02  0.365016764592E-07 -0.373490333105E-07  0.738507097315E-08  0.738499845575E-08  0.579656700351E+00
  0.13000000E+02  0.614783668418E-07 -0.633289071184E-07  0.960055953411E-08  0.960040020341E-08  0.579656690425E+00
  0.16000000E+02  0.949366807390E-07 -0.941196793836E-07  0.118160225042E-07  0.118157255747E-07  0.579656678514E+00
  0.19000000E+02  0.130441472734E-06 -0.136156152464E-06  0.140314539600E-07  0.140309571035E-07  0.579656662632E+00
  0.22000000E+02  0.180876528977E-06 -0.176554130871E-06  0.162468481747E-07  0.162460776058E-07  0.579656646751E+00
  0.25000000E+02  0.233369310765E-06 -0.228185669471E-06  0.184621992106E-07  0.184610697901E-07  0.579656626899E+00
  0.28000000E+02  0.287926862463E-06 -0.291043172895E-06  0.206775012627E-07  0.206759166209E-07  0.579656603077E+00
  0.31000000E+02  0.357435443687E-06 -0.352239767798E-06  0.228927487573E-07  0.228906014362E-07  0.579656579255E+00
  0.34000000E+02  0.429025282633E-06 -0.424644534869E-06  0.251079358074E-07  0.251051074186E-07  0.579656551462E+00
  0.37000000E+02  0.502705944649E-06 -0.508247154252E-06  0.273230567278E-07  0.273194181274E-07  0.579656519699E+00
  0.40000000E+02  0.591365859615E-06 -0.590158385716E-06  0.295381061336E-07  0.295335176135E-07  0.579656487936E+00
  0.43000000E+02  0.682137909380E-06 -0.683244454347E-06  0.317530782252E-07  0.317473897154E-07  0.579656452203E+00
  0.46000000E+02  0.781472899281E-06 -0.781053611121E-06  0.339679676186E-07  0.339610189076E-07  0.579656414484E+00
  0.49000000E+02  0.882944432234E-06 -0.890011234933E-06  0.361827687178E-07  0.361743896826E-07  0.579656372795E+00
  0.52000000E+02  0.993004641958E-06 -0.100366412459E-05  0.383974762808E-07  0.383874871341E-07  0.579656329121E+00
  0.55000000E+02  0.111810606296E-05 -0.111555862137E-05  0.406120851705E-07  0.406002967184E-07  0.579656285447E+00
  0.58000000E+02  0.124538565172E-05 -0.123855655709E-05  0.428265898076E-07  0.428128037125E-07  0.579656237803E+00
  0.61000000E+02  0.137485871365E-05 -0.137264137112E-05  0.450409849957E-07  0.450249940582E-07  0.579656186188E+00
  0.64000000E+02  0.150654115028E-05 -0.151779584912E-05  0.472552656150E-07  0.472368540630E-07  0.579656130603E+00
  0.67000000E+02  0.165332622626E-05 -0.166112538613E-05  0.494694270504E-07  0.494483708449E-07  0.579656075017E+00
  0.70000000E+02  0.180879212719E-05 -0.180905036540E-05  0.516834641797E-07  0.516595313139E-07  0.579656017447E+00
  0.73000000E+02  0.196651787598E-05 -0.196799027474E-05  0.538973719271E-07  0.538703227403E-07  0.579655955906E+00
  0.76000000E+02  0.213295956808E-05 -0.213148750883E-05  0.561111457493E-07  0.560807332575E-07  0.579655892380E+00
  0.79000000E+02  0.230169732940E-05 -0.230596034823E-05  0.583247807290E-07  0.582907509456E-07  0.579655824884E+00
  0.82000000E+02  0.248562578153E-05 -0.247851258695E-05  0.605382727865E-07  0.605003650732E-07  0.579655757388E+00
  0.85000000E+02  0.267188791514E-05 -0.266199952392E-05  0.627516169304E-07  0.627095643157E-07  0.579655685921E+00
  0.88000000E+02  0.286050325904E-05 -0.285639991093E-05  0.649648087497E-07  0.649183382831E-07  0.579655610484E+00
  0.91000000E+02  0.305149165714E-05 -0.306169214070E-05  0.671778439321E-07  0.671266770318E-07  0.579655531076E+00
  0.94000000E+02  0.325774810905E-05 -0.326497946446E-05  0.693907188668E-07  0.693345716890E-07  0.579655451669E+00
  0.97000000E+02  0.346641760252E-05 -0.347911499898E-05  0.716034288820E-07  0.715420126408E-07  0.579655368291E+00
  0.10000000E+03  0.369039506254E-05 -0.369120199861E-05  0.738159706120E-07  0.737489919701E-07  0.579655284913E+00
  0.10300000E+03  0.391682628043E-05 -0.391409269362E-05  0.760283395538E-07  0.759555009389E-07  0.579655197565E+00
  0.10600000E+03  0.414573209184E-05 -0.414776429081E-05  0.782405319115E-07  0.781615318896E-07  0.579655106247E+00
  0.10900000E+03  0.438357019450E-05 -0.438575713935E-05  0.804525443468E-07  0.803670779895E-07  0.579655012943E+00
  0.11200000E+03  0.462392451828E-05 -0.463448525190E-05  0.826643729483E-07  0.825721321624E-07  0.579654915669E+00
  0.11500000E+03  0.487325254994E-05 -0.488748913063E-05  0.848760146141E-07  0.847766885190E-07  0.579654816410E+00
  0.11800000E+03  0.513801123658E-05 -0.513830979765E-05  0.870874663919E-07  0.869807416726E-07  0.579654717150E+00
  0.12100000E+03  0.540534819393E-05 -0.539979744729E-05  0.892987243078E-07  0.891842855147E-07  0.579654613921E+00
  0.12400000E+03  0.567528427697E-05 -0.567192909018E-05  0.915097852187E-07  0.913873151382E-07  0.579654506721E+00
  0.12700000E+03  0.594784023966E-05 -0.595468181397E-05  0.937206460919E-07  0.935898260845E-07  0.579654395550E+00
  0.13000000E+03  0.623590821180E-05 -0.623516141840E-05  0.959313048474E-07  0.957918152206E-07  0.579654284380E+00
  0.13300000E+03  0.652663648915E-05 -0.652621730779E-05  0.981417578720E-07  0.979932781350E-07  0.579654169239E+00
  0.13600000E+03  0.682004532970E-05 -0.682782700545E-05  0.100352002464E-06  0.100194211686E-06  0.579654050128E+00
  0.13900000E+03  0.712902525080E-05 -0.712709788331E-05  0.102562036936E-06  0.102394614109E-06  0.579653931017E+00
  0.14200000E+03  0.744072481174E-05 -0.743687901639E-05  0.104771857944E-06  0.104594482207E-06  0.579653807935E+00
  0.14500000E+03  0.775516347662E-05 -0.775714867518E-05  0.106981463116E-06  0.106793814099E-06  0.579653680883E+00
  0.14800000E+03  0.807236040012E-05 -0.808788542772E-05  0.109190850188E-06  0.108992608313E-06  0.579653549861E+00
  0.15100000E+03  0.840520350143E-05 -0.841619921510E-05  0.111400017991E-06  0.111190864811E-06  0.579653418839E+00
  0.15400000E+03  0.874084138991E-05 -0.875493899388E-05  0.113608963531E-06  0.113388581914E-06  0.579653283846E+00
  0.15700000E+03  0.909216050426E-05 -0.909121618120E-05  0.115817685895E-06  0.115585760400E-06  0.579653148853E+00
  0.16000000E+03  0.943344133819E-05 -0.945074765579E-05  0.118026181212E-06  0.117782398190E-06  0.579653005920E+00
  0.16300000E+03  0.979043747906E-05 -0.980777784276E-05  0.120234449827E-06  0.119978497905E-06  0.579652862987E+00
  0.16600000E+03  0.101567309195E-04 -0.101687223587E-04  0.122442489628E-06  0.122174059818E-06  0.579652718068E+00
  0.16900000E+03  0.105259039024E-04 -0.105399965552E-04  0.124650298566E-06  0.124369084501E-06  0.579652569179E+00
  0.17200000E+03  0.109044054252E-04 -0.109151492091E-04  0.126857875781E-06  0.126563574012E-06  0.579652418305E+00
  0.17500000E+03  0.112858171238E-04 -0.113005962716E-04  0.129065219403E-06  0.128757529555E-06  0.579652263460E+00
  0.17800000E+03  0.116701537074E-04 -0.116963207131E-04  0.131272328205E-06  0.130950953224E-06  0.579652104646E+00
  0.18100000E+03  0.120702946327E-04 -0.120894409749E-04  0.133479202251E-06  0.133143848683E-06  0.579651945831E+00
  0.18400000E+03  0.124733874199E-04 -0.124928070213E-04  0.135685839355E-06  0.135336217399E-06  0.579651783046E+00
  0.18700000E+03  0.128794450870E-04 -0.129064035264E-04  0.137892238574E-06  0.137528062339E-06  0.579651616290E+00
  0.19000000E+03  0.133013441372E-04 -0.133173519232E-04  0.140098400318E-06  0.139719388081E-06  0.579651449534E+00
  0.19300000E+03  0.137262315196E-04 -0.137385027449E-04  0.142304322614E-06  0.141910196834E-06  0.579651278808E+00
  0.19600000E+03  0.141541184789E-04 -0.141698424604E-04  0.144510004792E-06  0.144100492347E-06  0.579651104112E+00
  0.19900000E+03  0.145850155985E-04 -0.146113582095E-04  0.146715446271E-06  0.146290278607E-06  0.579650925445E+00
  0.20200000E+03  0.150317951888E-04 -0.150501756864E-04  0.148920647897E-06  0.148479561259E-06  0.579650746779E+00
  0.20500000E+03  0.154816033970E-04 -0.154991462342E-04  0.151125607957E-06  0.150668343353E-06  0.579650564141E+00
  0.20800000E+03  0.159344489126E-04 -0.159582589208E-04  0.153330326122E-06  0.152856629531E-06  0.579650377534E+00
  0.21100000E+03  0.163903397813E-04 -0.164275034703E-04  0.155534802140E-06  0.155044424630E-06  0.579650186956E+00
  0.21400000E+03  0.168621439263E-04 -0.168940100492E-04  0.157739037269E-06  0.157231735191E-06  0.579649996378E+00
  0.21700000E+03  0.173370066300E-04 -0.173706308858E-04  0.159943030027E-06  0.159418564943E-06  0.579649801830E+00
  0.22000000E+03  0.178149339438E-04 -0.178573577428E-04  0.162146780394E-06  0.161604919252E-06  0.579649603311E+00
  0.22300000E+03  0.183087904341E-04 -0.183413242169E-04  0.164350289915E-06  0.163790805226E-06  0.579649404793E+00
  0.22600000E+03  0.188057207332E-04 -0.188353832082E-04  0.166553557263E-06  0.165976226993E-06  0.579649202304E+00
  0.22900000E+03  0.193057288913E-04 -0.193395285315E-04  0.168756582632E-06  0.168161190362E-06  0.579648995845E+00
  0.23200000E+03  0.198088182743E-04 -0.198537547030E-04  0.170959366282E-06  0.170345701266E-06  0.579648785415E+00
  0.23500000E+03  0.203278489437E-04 -0.203651999331E-04  0.173161910114E-06  0.172529767429E-06  0.579648574985E+00
  0.23800000E+03  0.208499646598E-04 -0.208867180304E-04  0.175364212984E-06  0.174713393386E-06  0.579648360585E+00
  0.24100000E+03  0.213751668270E-04 -0.214183055302E-04  0.177566275341E-06  0.176896585399E-06  0.579648142215E+00
  0.24400000E+03  0.219034561506E-04 -0.219599596873E-04  0.179768097696E-06  0.179079349823E-06  0.579647919874E+00
  0.24700000E+03  0.224476880963E-04 -0.224988234270E-04  0.181969682281E-06  0.181261694851E-06  0.579647697533E+00
  0.25000000E+03  0.229950057100E-04 -0.230477513147E-04  0.184171028099E-06  0.183443625282E-06  0.579647471222E+00
  0.25300000E+03  0.235454077607E-04 -0.236067426040E-04  0.186372135829E-06  0.185625147695E-06  0.579647240940E+00
  0.25600000E+03  0.241117462789E-04 -0.241629437511E-04  0.188573007930E-06  0.187806270546E-06  0.579647010659E+00
  0.25900000E+03  0.246747371219E-04 -0.247356363178E-04  0.190773642624E-06  0.189986997829E-06  0.579646774422E+00
  0.26200000E+03  0.252536572801E-04 -0.253055420818E-04  0.192974043366E-06  0.192167339034E-06  0.579646538185E+00
  0.26500000E+03  0.258292228232E-04 -0.258919424055E-04  0.195174208411E-06  0.194347298174E-06  0.579646295992E+00
  0.26800000E+03  0.264142820470E-04 -0.264819875967E-04  0.197374140462E-06  0.196526883916E-06  0.579646051814E+00
  0.27100000E+03  0.270024034650E-04 -0.270821070670E-04  0.199573839601E-06  0.198706102153E-06  0.579645803666E+00
  0.27400000E+03  0.276064324082E-04 -0.276794541740E-04  0.201773308694E-06  0.200884961662E-06  0.579645555518E+00
  0.27700000E+03  0.282135107363E-04 -0.282868847762E-04  0.203972546977E-06  0.203063467392E-06  0.579645303399E+00
  0.28000000E+03  0.288300566098E-04 -0.288979792064E-04  0.206171556486E-06  0.205241627183E-06  0.579645049295E+00
  0.28300000E+03  0.294432124909E-04 -0.295255927274E-04  0.208370336460E-06  0.207419445913E-06  0.579644789236E+00
  0.28600000E+03  0.300722445900E-04 -0.301504582183E-04  0.210568890938E-06  0.209596933421E-06  0.579644529176E+00
  0.28900000E+03  0.306978702737E-04 -0.307918557962E-04  0.212767218235E-06  0.211774093537E-06  0.579644263162E+00
  0.29200000E+03  0.313393531243E-04 -0.314305210516E-04  0.214965322520E-06  0.213950936122E-06  0.579643997147E+00
  0.29500000E+03  0.319838346444E-04 -0.320793102732E-04  0.217163203110E-06  0.216127465942E-06  0.579643727161E+00
  0.29800000E+03  0.326313047644E-04 -0.327382319006E-04  0.219360861292E-06  0.218303689752E-06  0.579643453206E+00
  0.30100000E+03  0.332945992279E-04 -0.333944492004E-04  0.221558300426E-06  0.220479616382E-06  0.579643179250E+00
  0.30400000E+03  0.339608595289E-04 -0.340608185051E-04  0.223755519848E-06  0.222655250441E-06  0.579642901324E+00
  0.30700000E+03  0.346300740643E-04 -0.347373498596E-04  0.225952520925E-06  0.224830598567E-06  0.579642619428E+00
  0.31000000E+03  0.353086531651E-04 -0.354176317254E-04  0.228149306099E-06  0.227005668436E-06  0.579642335546E+00
  0.31300000E+03  0.359901613480E-04 -0.361080977609E-04  0.230345875747E-06  0.229180465524E-06  0.579642047694E+00
  0.31600000E+03  0.366810074908E-04 -0.368023379408E-04  0.232542232378E-06  0.231354997417E-06  0.579641757857E+00
  0.31900000E+03  0.373747557227E-04 -0.375067863450E-04  0.234738376388E-06  0.233529269464E-06  0.579641464049E+00
  0.32200000E+03  0.380842348996E-04 -0.382086133837E-04  0.236934311439E-06  0.235703290264E-06  0.579641170242E+00
  0.32500000E+03  0.387965869140E-04 -0.389206750673E-04  0.239130036865E-06  0.237877063921E-06  0.579640872464E+00
  0.32800000E+03  0.395117970465E-04 -0.396429847214E-04  0.241325554170E-06  0.240050596669E-06  0.579640570716E+00
  0.33100000E+03  0.402298501595E-04 -0.403755561124E-04  0.243520864870E-06  0.242223894672E-06  0.579640264997E+00
  0.33400000E+03  0.409635713825E-04 -0.411055635228E-04  0.245715972770E-06  0.244396966322E-06  0.579639959279E+00
  0.33700000E+03  0.417001031242E-04 -0.418458624849E-04  0.247910877178E-06  0.246569815365E-06  0.579639649590E+00
  0.34000000E+03  0.424394291358E-04 -0.425964679442E-04  0.250105579647E-06  0.248742447739E-06  0.579639335930E+00
  0.34300000E+03  0.431943718670E-04 -0.433445569722E-04  0.252300084079E-06  0.250914871647E-06  0.579639022271E+00
  0.34600000E+03  0.439520742181E-04 -0.441029846346E-04  0.254494389748E-06  0.253087090547E-06  0.579638704641E+00
  0.34900000E+03  0.447125189236E-04 -0.448717669601E-04  0.256688498234E-06  0.255259110127E-06  0.579638383041E+00
  0.35200000E+03  0.454756883733E-04 -0.456509203424E-04  0.258882411124E-06  0.257430935990E-06  0.579638057471E+00
  0.35500000E+03  0.462544016057E-04 -0.464276254079E-04  0.261076132432E-06  0.259602576061E-06  0.579637731900E+00
  0.35800000E+03  0.470358023862E-04 -0.472147363865E-04  0.263269661376E-06  0.261774033386E-06  0.579637402359E+00
  0.36100000E+03  0.478262901790E-04 -0.480058531057E-04  0.265463000789E-06  0.263945314519E-06  0.579637070833E+00
  0.36400000E+03  0.486194276964E-04 -0.488074112910E-04  0.267656151064E-06  0.266116423498E-06  0.579636735337E+00
  0.36700000E+03  0.494216133565E-04 -0.496130118712E-04  0.269849115062E-06  0.268287366707E-06  0.579636397855E+00
  0.37000000E+03  0.502264098723E-04 -0.504290905968E-04  0.272041893160E-06  0.270458147982E-06  0.579636056403E+00
  0.37300000E+03  0.510466315412E-04 -0.512428330462E-04  0.274234489511E-06  0.272628774783E-06  0.579635714951E+00
  0.37600000E+03  0.518694237066E-04 -0.520670919048E-04  0.276426903222E-06  0.274799249503E-06  0.579635369529E+00
  0.37900000E+03  0.526947663573E-04 -0.529018861495E-04  0.278619135902E-06  0.276969576911E-06  0.579635020136E+00
  0.38200000E+03  0.535290554252E-04 -0.537408193303E-04  0.280811190460E-06  0.279139762951E-06  0.579634668758E+00
  0.38500000E+03  0.543658538156E-04 -0.545903270637E-04  0.283003067219E-06  0.281309810941E-06  0.579634313410E+00
  0.38800000E+03  0.552115565344E-04 -0.554440138778E-04  0.285194769104E-06  0.283479726641E-06  0.579633956077E+00
  0.39100000E+03  0.560725573221E-04 -0.562954856157E-04  0.287386299074E-06  0.285649515744E-06  0.579633598743E+00
  0.39400000E+03  0.569295884232E-04 -0.571640075517E-04  0.289577654759E-06  0.287819178680E-06  0.579633235454E+00
  0.39700000E+03  0.578018739069E-04 -0.580303562768E-04  0.291768841773E-06  0.289988723524E-06  0.579632872165E+00
  0.40000000E+03  0.586701472597E-04 -0.589137958102E-04  0.293959857675E-06  0.292158150472E-06  0.579632502921E+00
  0.40300000E+03  0.595536307015E-04 -0.597951046738E-04  0.296150708127E-06  0.294327467444E-06  0.579632133676E+00
  0.40600000E+03  0.604394730265E-04 -0.606871321251E-04  0.298341391999E-06  0.296496675723E-06  0.579631760461E+00
  0.40900000E+03  0.613276524988E-04 -0.615898990406E-04  0.300531910854E-06  0.298665779107E-06  0.579631383276E+00
  0.41200000E+03  0.622309743062E-04 -0.624906005429E-04  0.302722269051E-06  0.300834783964E-06  0.579631006090E+00
  0.41500000E+03  0.631365884495E-04 -0.634020846819E-04  0.304912465377E-06  0.303003691251E-06  0.579630624935E+00
  0.41800000E+03  0.640444728511E-04 -0.643243727222E-04  0.307102501372E-06  0.305172504477E-06  0.579630239809E+00
  0.42100000E+03  0.649674308327E-04 -0.652446617480E-04  0.309292381427E-06  0.307341229759E-06  0.579629854683E+00
  0.42400000E+03  0.658926136110E-04 -0.661757985884E-04  0.311482104244E-06  0.309509867735E-06  0.579629465586E+00
  0.42700000E+03  0.668199988707E-04 -0.671178047893E-04  0.313671671335E-06  0.311678421631E-06  0.579629072519E+00
  0.43000000E+03  0.677623881128E-04 -0.680578793492E-04  0.315861087121E-06  0.313846897319E-06  0.579628679453E+00
  0.43300000E+03  0.687069338926E-04 -0.690088677500E-04  0.318050350214E-06  0.316015295124E-06  0.579628282415E+00
  0.43600000E+03  0.696536136620E-04 -0.699707918116E-04  0.320239462095E-06  0.318183617997E-06  0.579627881408E+00
  0.43900000E+03  0.706152271942E-04 -0.709308523513E-04  0.322428427211E-06  0.320351871573E-06  0.579627480400E+00
  0.44200000E+03  0.715789284216E-04 -0.719018934625E-04  0.324617244082E-06  0.322520055872E-06  0.579627075422E+00
  0.44500000E+03  0.725446946352E-04 -0.728839371636E-04  0.326805914155E-06  0.324688173579E-06  0.579626666474E+00
  0.44800000E+03  0.735253239416E-04 -0.738641860288E-04  0.328994441898E-06  0.326856230100E-06  0.579626257526E+00
  0.45100000E+03  0.745079716811E-04 -0.748554827275E-04  0.331182825740E-06  0.329024225161E-06  0.579625844607E+00
  0.45400000E+03  0.754926150650E-04 -0.758578493937E-04  0.333371067090E-06  0.331192161194E-06  0.579625427718E+00
  0.45700000E+03  0.764920505799E-04 -0.768584903089E-04  0.335559170435E-06  0.333360043381E-06  0.579625010829E+00
  0.46000000E+03  0.774934350292E-04 -0.778702466612E-04  0.337747134109E-06  0.335527871170E-06  0.579624589970E+00
  0.46300000E+03  0.785095638774E-04 -0.788803238112E-04  0.339934962610E-06  0.337695649604E-06  0.579624169110E+00
  0.46600000E+03  0.795275949358E-04 -0.799015619251E-04  0.342122654208E-06  0.339863377950E-06  0.579623744281E+00
  0.46900000E+03  0.805475053297E-04 -0.809339832761E-04  0.344310210247E-06  0.342031058236E-06  0.579623315480E+00
  0.47200000E+03  0.815756805818E-04 -0.819712025012E-04  0.346497633650E-06  0.344198693858E-06  0.579622884695E+00
  0.47500000E+03  0.826056889324E-04 -0.830196500452E-04  0.348684924163E-06  0.346366285257E-06  0.579622449939E+00
  0.47800000E+03  0.836567312485E-04 -0.840601267764E-04  0.350872087918E-06  0.348533838600E-06  0.579622017169E+00
  0.48100000E+03  0.846967441629E-04 -0.851246916891E-04  0.353059118195E-06  0.350701348368E-06  0.579621576458E+00
  0.48400000E+03  0.857577433706E-04 -0.861813324170E-04  0.355246024355E-06  0.352868823509E-06  0.579621137732E+00
  0.48700000E+03  0.868204823637E-04 -0.872492926143E-04  0.357432802830E-06  0.355036261255E-06  0.579620695035E+00
  0.49000000E+03  0.878913452909E-04 -0.883221884012E-04  0.359619456514E-06  0.357203664602E-06  0.579620250354E+00
  0.49300000E+03  0.889639019854E-04 -0.894064486269E-04  0.361805985015E-06  0.359371033546E-06  0.579619801702E+00
  0.49600000E+03  0.900381297347E-04 -0.905020954824E-04  0.363992389551E-06  0.361538369481E-06  0.579619349079E+00
  0.49900000E+03  0.911268182066E-04 -0.915963404554E-04  0.366178674673E-06  0.363705676711E-06  0.579618896457E+00
  0.50200000E+03  0.922299433047E-04 -0.926892071923E-04  0.368364841628E-06  0.365872956530E-06  0.579618443834E+00
  0.50500000E+03  0.933218581730E-04 -0.938063386913E-04  0.370550884880E-06  0.368040204197E-06  0.579617983271E+00
  0.50800000E+03  0.944281635205E-04 -0.949221371475E-04  0.372736812338E-06  0.370207426834E-06  0.579617522708E+00
  0.51100000E+03  0.955488353849E-04 -0.960366260946E-04  0.374922625205E-06  0.372374625560E-06  0.579617062145E+00
  0.51400000E+03  0.966710399071E-04 -0.971626372051E-04  0.377108321230E-06  0.374541798425E-06  0.579616597612E+00
  0.51700000E+03  0.977947546601E-04 -0.983001924326E-04  0.379293901533E-06  0.376708946415E-06  0.579616129108E+00
  0.52000000E+03  0.989263617838E-04 -0.994429100729E-04  0.381479368955E-06  0.378876071978E-06  0.579615658619E+00
  0.52300000E+03  0.100065838241E-03 -0.100590812731E-03  0.383664724613E-06  0.381043176009E-06  0.579615186144E+00
  0.52600000E+03  0.101213161060E-03 -0.101743922953E-03  0.385849969608E-06  0.383210259354E-06  0.579614711685E+00
  0.52900000E+03  0.102368307343E-03 -0.102902263218E-03  0.388035105030E-06  0.385377322810E-06  0.579614235240E+00
  0.53200000E+03  0.103524850701E-03 -0.104072258557E-03  0.390220130183E-06  0.387544365596E-06  0.579613754825E+00
  0.53500000E+03  0.104689172346E-03 -0.105247528270E-03  0.392405047880E-06  0.389711389942E-06  0.579613272425E+00
  0.53800000E+03  0.105867652660E-03 -0.106421692534E-03  0.394589860954E-06  0.391878398052E-06  0.579612790025E+00
  0.54100000E+03  0.107041059743E-03 -0.107613979963E-03  0.396774565075E-06  0.394045385926E-06  0.579612301669E+00
  0.54400000E+03  0.108228580250E-03 -0.108805206393E-03  0.398959166623E-06  0.396212358765E-06  0.579611813314E+00
  0.54700000E+03  0.109417386250E-03 -0.110008197412E-03  0.401143663002E-06  0.398379314018E-06  0.579611320988E+00
  0.55000000E+03  0.110620260226E-03 -0.111210172125E-03  0.403328058821E-06  0.400546255290E-06  0.579610828661E+00
  0.55300000E+03  0.111824375324E-03 -0.112423955011E-03  0.405512351421E-06  0.402713179940E-06  0.579610332365E+00
  0.55600000E+03  0.113029709950E-03 -0.113649567257E-03  0.407696541740E-06  0.404880088390E-06  0.579609832098E+00
  0.55900000E+03  0.114249045424E-03 -0.114874229205E-03  0.409880634398E-06  0.407046984162E-06  0.579609331831E+00
  0.56200000E+03  0.115469556501E-03 -0.116110763673E-03  0.412064626646E-06  0.409213864494E-06  0.579608827594E+00
  0.56500000E+03  0.116704023752E-03 -0.117346391805E-03  0.414248523109E-06  0.411380732859E-06  0.579608323357E+00
  0.56800000E+03  0.117939622989E-03 -0.118593935327E-03  0.416432320979E-06  0.413547586422E-06  0.579607815149E+00
  0.57100000E+03  0.119189133998E-03 -0.119840616214E-03  0.418616024889E-06  0.415714428613E-06  0.579607306942E+00
  0.57400000E+03  0.120439733672E-03 -0.121099255080E-03  0.420799631972E-06  0.417881256525E-06  0.579606794764E+00
  0.57700000E+03  0.121691400928E-03 -0.122369872625E-03  0.422983143072E-06  0.420048070377E-06  0.579606278616E+00
  0.58000000E+03  0.122956914419E-03 -0.123639692028E-03  0.425166562839E-06  0.422214873543E-06  0.579605762467E+00
  0.58300000E+03  0.124223452594E-03 -0.124921532293E-03  0.427349888314E-06  0.424381663024E-06  0.579605242348E+00
  0.58600000E+03  0.125503793417E-03 -0.126202617337E-03  0.429533124153E-06  0.426548442165E-06  0.579604722230E+00
  0.58900000E+03  0.126785116392E-03 -0.127495765073E-03  0.431716267342E-06  0.428715207910E-06  0.579604198141E+00
  0.59200000E+03  0.128067400800E-03 -0.128800995851E-03  0.433899318667E-06  0.430881960369E-06  0.579603670081E+00
  0.59500000E+03  0.129363423438E-03 -0.130105534826E-03  0.436082282796E-06  0.433048702846E-06  0.579603142022E+00
  0.59800000E+03  0.130673162425E-03 -0.131409403578E-03  0.438265160542E-06  0.435215435436E-06  0.579602613962E+00
  0.60100000E+03  0.131977401099E-03 -0.132731814935E-03  0.440447946813E-06  0.437382153370E-06  0.579602079947E+00
  0.60400000E+03  0.133295313911E-03 -0.134053597626E-03  0.442630648240E-06  0.439548861536E-06  0.579601545932E+00
  0.60700000E+03  0.134614083469E-03 -0.135387566348E-03  0.444813261642E-06  0.441715556738E-06  0.579601007947E+00
  0.61000000E+03  0.135946484810E-03 -0.136720948133E-03  0.446995791711E-06  0.443882242241E-06  0.579600469962E+00
  0.61300000E+03  0.137273304173E-03 -0.138072952788E-03  0.449178233215E-06  0.446048913186E-06  0.579599926021E+00
  0.61600000E+03  0.138613713694E-03 -0.139424411494E-03  0.451360592838E-06  0.448215574446E-06  0.579599382080E+00
  0.61900000E+03  0.139967692048E-03 -0.140775345295E-03  0.453542871314E-06  0.450382226025E-06  0.579598838139E+00
  0.62200000E+03  0.141322424412E-03 -0.142138566221E-03  0.455725065326E-06  0.452548864641E-06  0.579598290228E+00
  0.62500000E+03  0.142677890906E-03 -0.143514093805E-03  0.457907175539E-06  0.454715490262E-06  0.579597738346E+00
  0.62800000E+03  0.144046864392E-03 -0.144889157403E-03  0.460089206680E-06  0.456882106131E-06  0.579597186464E+00
  0.63100000E+03  0.145416531594E-03 -0.146276567435E-03  0.462271155354E-06  0.459048708929E-06  0.579596630612E+00
  0.63400000E+03  0.146799664644E-03 -0.147663554031E-03  0.464453026301E-06  0.461215301899E-06  0.579596074760E+00
  0.63700000E+03  0.148183451269E-03 -0.149062926570E-03  0.466634816073E-06  0.463381881700E-06  0.579595514938E+00
  0.64000000E+03  0.149580662938E-03 -0.150461915893E-03  0.468816529423E-06  0.465548451579E-06  0.579594955115E+00
  0.64300000E+03  0.150978488327E-03 -0.151873330388E-03  0.470998162854E-06  0.467715008177E-06  0.579594391323E+00
  0.64600000E+03  0.152389698226E-03 -0.153284401624E-03  0.473179721130E-06  0.469881554745E-06  0.579593827530E+00
  0.64900000E+03  0.153801482292E-03 -0.154707936966E-03  0.475361200705E-06  0.472048087910E-06  0.579593259767E+00
  0.65200000E+03  0.155213821272E-03 -0.156143955337E-03  0.477542602161E-06  0.474214607603E-06  0.579592688033E+00
  0.65500000E+03  0.156639484915E-03 -0.157579689419E-03  0.479723930282E-06  0.476381117090E-06  0.579592116300E+00
  0.65800000E+03  0.158078452852E-03 -0.159015159323E-03  0.481905185676E-06  0.478547616321E-06  0.579591544566E+00
  0.66100000E+03  0.159517916673E-03 -0.160463170396E-03  0.484086364703E-06  0.480714101899E-06  0.579590968862E+00
  0.66400000E+03  0.160957857421E-03 -0.161923741271E-03  0.486267467910E-06  0.482880573758E-06  0.579590389188E+00
  0.66700000E+03  0.162411043445E-03 -0.163384106128E-03  0.488448500109E-06  0.485047035194E-06  0.579589809514E+00
  0.67000000E+03  0.163864667772E-03 -0.164857068812E-03  0.490629457589E-06  0.487213482800E-06  0.579589225869E+00
  0.67300000E+03  0.165331498091E-03 -0.166329864213E-03  0.492810345176E-06  0.489379919887E-06  0.579588642224E+00
  0.67600000E+03  0.166798728388E-03 -0.167815295174E-03  0.494991159115E-06  0.491546343047E-06  0.579588054609E+00
  0.67900000E+03  0.168279125676E-03 -0.169300597308E-03  0.497171904247E-06  0.493712755609E-06  0.579587466994E+00
  0.68200000E+03  0.169759884820E-03 -0.170798572538E-03  0.499352576770E-06  0.495879154164E-06  0.579586875409E+00
  0.68500000E+03  0.171253772205E-03 -0.172296457152E-03  0.501533181543E-06  0.498045542061E-06  0.579586283824E+00
  0.68800000E+03  0.172747983637E-03 -0.173807052091E-03  0.503713714720E-06  0.500211915894E-06  0.579585688268E+00
  0.69100000E+03  0.174255284784E-03 -0.175317594408E-03  0.505894181175E-06  0.502378279033E-06  0.579585092712E+00
  0.69400000E+03  0.175762872389E-03 -0.176840884062E-03  0.508074577019E-06  0.504544628074E-06  0.579584493186E+00
  0.69700000E+03  0.177283511440E-03 -0.178364158839E-03  0.510254907143E-06  0.506710966413E-06  0.579583893660E+00
  0.70000000E+03  0.178804399584E-03 -0.179900217747E-03  0.512435167615E-06  0.508877290649E-06  0.579583290163E+00
  0.70300000E+03  0.180338301170E-03 -0.181436299260E-03  0.514615363343E-06  0.511043604203E-06  0.579582686667E+00
  0.70600000E+03  0.181872414716E-03 -0.182985201473E-03  0.516795490352E-06  0.513209903682E-06  0.579582079200E+00
  0.70900000E+03  0.183413112990E-03 -0.184540552902E-03  0.518975551328E-06  0.515376190819E-06  0.579581469748E+00
  0.71200000E+03  0.184966768133E-03 -0.186095982740E-03  0.521155548979E-06  0.517542467366E-06  0.579580860296E+00
  0.71500000E+03  0.186514189420E-03 -0.187670676645E-03  0.523335477013E-06  0.519708728228E-06  0.579580244888E+00
  0.71800000E+03  0.188074530481E-03 -0.189245485523E-03  0.525515342625E-06  0.521874978600E-06  0.579579629481E+00
  0.72100000E+03  0.189647772263E-03 -0.190820428203E-03  0.527695146278E-06  0.524041218556E-06  0.579579014073E+00
  0.72400000E+03  0.191221115929E-03 -0.192408299999E-03  0.529874883878E-06  0.526207444732E-06  0.579578394695E+00
  0.72700000E+03  0.192807323187E-03 -0.193996342227E-03  0.532054560404E-06  0.528373660654E-06  0.579577775317E+00
  0.73000000E+03  0.194393596044E-03 -0.195597349314E-03  0.534234171723E-06  0.530539862972E-06  0.579577151969E+00
  0.73300000E+03  0.195979916807E-03 -0.197211338659E-03  0.536413718235E-06  0.532706051784E-06  0.579576524650E+00
  0.73600000E+03  0.197591824606E-03 -0.198812777632E-03  0.538593209562E-06  0.534872234124E-06  0.579575901302E+00
  0.73900000E+03  0.199190965568E-03 -0.200440009703E-03  0.540772632301E-06  0.537038399741E-06  0.579575270013E+00
  0.74200000E+03  0.200802878537E-03 -0.202067502553E-03  0.542951996078E-06  0.539204555693E-06  0.579574638723E+00
  0.74500000E+03  0.202427544909E-03 -0.203695274574E-03  0.545131301320E-06  0.541370702133E-06  0.579574007434E+00
  0.74800000E+03  0.204052169213E-03 -0.205336117533E-03  0.547310543777E-06  0.543536835753E-06  0.579573372175E+00
  0.75100000E+03  0.205689510558E-03 -0.206977275552E-03  0.549489728508E-06  0.545702960197E-06  0.579572736915E+00
  0.75400000E+03  0.207326774288E-03 -0.208631539539E-03  0.551668851229E-06  0.547869072169E-06  0.579572097686E+00
  0.75700000E+03  0.208976718908E-03 -0.210286154274E-03  0.553847917017E-06  0.550035175345E-06  0.579571458456E+00
  0.76000000E+03  0.210626550563E-03 -0.211953909817E-03  0.556026921553E-06  0.552201266445E-06  0.579570815256E+00
  0.76300000E+03  0.212289027133E-03 -0.213622051627E-03  0.558205869934E-06  0.554367349174E-06  0.579570172055E+00
  0.76600000E+03  0.213951355511E-03 -0.215303368967E-03  0.560384757805E-06  0.556533420269E-06  0.579569524885E+00
  0.76900000E+03  0.215626292977E-03 -0.216985107951E-03  0.562563590284E-06  0.558699483465E-06  0.579568877714E+00
  0.77200000E+03  0.217301047240E-03 -0.218680056982E-03  0.564742362982E-06  0.560865535515E-06  0.579568226573E+00
  0.77500000E+03  0.218988374923E-03 -0.220375462882E-03  0.566921081039E-06  0.563031580183E-06  0.579567575432E+00
  0.77800000E+03  0.220675484546E-03 -0.222084113197E-03  0.569099740029E-06  0.565197614240E-06  0.579566920321E+00
  0.78100000E+03  0.222375132074E-03 -0.223793255460E-03  0.571278345114E-06  0.567363641479E-06  0.579566265210E+00
  0.78400000E+03  0.224087299472E-03 -0.225502907518E-03  0.573456896671E-06  0.569529662204E-06  0.579565610098E+00
  0.78700000E+03  0.225799196409E-03 -0.227225855698E-03  0.575635390225E-06  0.571695673209E-06  0.579564951017E+00
  0.79000000E+03  0.227510806012E-03 -0.228962116612E-03  0.577813826107E-06  0.573861674810E-06  0.579564287964E+00
  0.79300000E+03  0.229234882942E-03 -0.230698939208E-03  0.579992209521E-06  0.576027670860E-06  0.579563624912E+00
  0.79600000E+03  0.230971409345E-03 -0.232436341157E-03  0.582170540831E-06  0.578193661708E-06  0.579562961860E+00
  0.79900000E+03  0.232707596436E-03 -0.234187107148E-03  0.584348815499E-06  0.580359644182E-06  0.579562294838E+00
