 &plot nbnd=   6, nks= 177 /
            0.000000  0.000000  0.000000
   0.552   0.552   1.404   0.933   0.933   0.933
            0.000000  0.025000  0.000000
   0.552   0.552   1.404   0.933   0.933   0.933
            0.000000  0.050000  0.000000
   0.553   0.553   1.401   0.935   0.935   0.932
            0.000000  0.075000  0.000000
   0.552   0.552   1.395   0.937   0.937   0.932
            0.000000  0.100000  0.000000
   0.551   0.551   1.388   0.941   0.941   0.931
            0.000000  0.125000  0.000000
   0.549   0.549   1.379   0.945   0.945   0.931
            0.000000  0.150000  0.000000
   0.544   0.544   1.368   0.951   0.951   0.930
            0.000000  0.175000  0.000000
   0.537   0.537   1.355   0.958   0.958   0.930
            0.000000  0.200000  0.000000
   0.525   0.525   1.340   0.967   0.967   0.929
            0.000000  0.225000  0.000000
   0.509   0.509   1.324   0.976   0.976   0.929
            0.000000  0.250000  0.000000
   0.486   0.486   1.306   0.988   0.988   0.928
            0.000000  0.275000  0.000000
   0.457   0.457   1.287   1.000   1.000   0.928
            0.000000  0.300000  0.000000
   0.420   0.420   1.266   1.015   1.015   0.928
            0.000000  0.325000  0.000000
   0.376   0.376   1.245   1.031   1.031   0.928
            0.000000  0.350000  0.000000
   0.323   0.323   1.222   1.048   1.048   0.928
            0.000000  0.375000  0.000000
   0.262   0.262   1.200   1.067   1.067   0.929
            0.000000  0.400000  0.000000
   0.193   0.193   1.177   1.088   1.088   0.929
            0.000000  0.425000  0.000000
   0.116   0.116   1.155   1.110   1.110   0.930
            0.000000  0.450000  0.000000
   0.031   0.031   1.133   1.133   1.133   0.930
            0.000000  0.475000  0.000000
  -0.059  -0.059   1.112   1.157   1.157   0.931
            0.000000  0.500000  0.000000
  -0.155  -0.155   1.092   1.182   1.182   0.931
            0.000000  0.525000  0.000000
  -0.255  -0.255   1.074   1.207   1.207   0.932
            0.000000  0.550000  0.000000
  -0.356  -0.356   1.058   1.232   1.232   0.933
            0.000000  0.575000  0.000000
  -0.456  -0.456   1.044   1.257   1.257   0.934
            0.000000  0.600000  0.000000
  -0.554  -0.554   1.031   1.281   1.281   0.936
            0.000000  0.625000  0.000000
  -0.647  -0.647   1.021   1.304   1.304   0.937
            0.000000  0.650000  0.000000
  -0.732  -0.732   1.013   1.325   1.325   0.940
            0.000000  0.675000  0.000000
  -0.808  -0.808   1.007   1.344   1.344   0.942
            0.000000  0.700000  0.000000
  -0.873  -0.873   1.003   1.361   1.361   0.946
            0.000000  0.725000  0.000000
  -0.925  -0.925   1.000   1.376   1.376   0.949
            0.000000  0.750000  0.000000
  -0.964  -0.964   0.999   1.389   1.389   0.954
            0.000000  0.775000  0.000000
  -0.991  -0.991   0.999   1.400   1.400   0.959
            0.000000  0.800000  0.000000
  -1.007  -1.007   1.000   1.409   1.409   0.964
            0.000000  0.825000  0.000000
  -1.013  -1.013   1.002   0.969   1.416   1.416
            0.000000  0.850000  0.000000
  -1.011  -1.011   1.003   0.975   1.422   1.422
            0.000000  0.875000  0.000000
  -1.003  -1.003   1.004   0.980   1.426   1.426
            0.000000  0.900000  0.000000
  -0.993  -0.993   1.005   0.986   1.429   1.429
            0.000000  0.925000  0.000000
  -0.982  -0.982   1.006   0.991   1.432   1.432
            0.000000  0.950000  0.000000
  -0.973  -0.973   1.005   0.995   1.433   1.433
            0.000000  0.975000  0.000000
  -0.967  -0.967   1.004   0.999   1.434   1.434
            0.000000  1.000000  0.000000
  -0.964  -0.964   1.002   1.002   1.434   1.434
            0.025000  1.000000  0.000000
  -0.958  -0.958   1.003   1.003   1.433   1.433
            0.050000  1.000000  0.000000
  -0.940  -0.940   1.006   1.006   1.431   1.431
            0.075000  1.000000  0.000000
  -0.911  -0.911   1.010   1.010   1.427   1.427
            0.100000  1.000000  0.000000
  -0.871  -0.871   1.016   1.016   1.423   1.423
            0.125000  1.000000  0.000000
  -0.822  -0.822   1.022   1.022   1.419   1.419
            0.150000  1.000000  0.000000
  -0.765  -0.765   1.028   1.028   1.416   1.416
            0.175000  1.000000  0.000000
  -0.702  -0.702   1.035   1.035   1.413   1.413
            0.200000  1.000000  0.000000
  -0.635  -0.635   1.042   1.042   1.410   1.410
            0.225000  1.000000  0.000000
  -0.565  -0.565   1.050   1.050   1.408   1.408
            0.250000  1.000000  0.000000
  -0.495  -0.495   1.059   1.059   1.406   1.406
            0.275000  1.000000  0.000000
  -0.427  -0.427   1.069   1.069   1.405   1.405
            0.300000  1.000000  0.000000
  -0.363  -0.363   1.080   1.080   1.403   1.403
            0.325000  1.000000  0.000000
  -0.304  -0.304   1.092   1.092   1.402   1.402
            0.350000  1.000000  0.000000
  -0.251  -0.251   1.104   1.104   1.401   1.401
            0.375000  1.000000  0.000000
  -0.207  -0.207   1.117   1.117   1.401   1.401
            0.400000  1.000000  0.000000
  -0.171  -0.171   1.130   1.130   1.400   1.400
            0.425000  1.000000  0.000000
  -0.144  -0.144   1.141   1.141   1.399   1.399
            0.450000  1.000000  0.000000
  -0.124  -0.124   1.150   1.150   1.399   1.399
            0.475000  1.000000  0.000000
  -0.113  -0.113   1.156   1.156   1.399   1.399
            0.500000  1.000000  0.000000
  -0.110  -0.110   1.158   1.158   1.399   1.399
            0.525000  1.000000  0.000000
  -0.113  -0.113   1.156   1.156   1.399   1.399
            0.550000  1.000000  0.000000
  -0.124  -0.124   1.150   1.150   1.399   1.399
            0.575000  1.000000  0.000000
  -0.144  -0.144   1.141   1.141   1.399   1.399
            0.600000  1.000000  0.000000
  -0.171  -0.171   1.130   1.130   1.400   1.400
            0.625000  1.000000  0.000000
  -0.207  -0.207   1.117   1.117   1.401   1.401
            0.650000  1.000000  0.000000
  -0.251  -0.251   1.104   1.104   1.401   1.401
            0.675000  1.000000  0.000000
  -0.304  -0.304   1.092   1.092   1.402   1.402
            0.700000  1.000000  0.000000
  -0.363  -0.363   1.080   1.080   1.403   1.403
            0.725000  1.000000  0.000000
  -0.427  -0.427   1.069   1.069   1.405   1.405
            0.750000  1.000000  0.000000
  -0.495  -0.495   1.059   1.059   1.406   1.406
            0.775000  1.000000  0.000000
  -0.565  -0.565   1.050   1.050   1.408   1.408
            0.800000  1.000000  0.000000
  -0.635  -0.635   1.042   1.042   1.410   1.410
            0.825000  1.000000  0.000000
  -0.702  -0.702   1.035   1.035   1.413   1.413
            0.850000  1.000000  0.000000
  -0.765  -0.765   1.028   1.028   1.416   1.416
            0.875000  1.000000  0.000000
  -0.822  -0.822   1.022   1.022   1.419   1.419
            0.900000  1.000000  0.000000
  -0.871  -0.871   1.016   1.016   1.423   1.423
            0.925000  1.000000  0.000000
  -0.911  -0.911   1.010   1.010   1.427   1.427
            0.950000  1.000000  0.000000
  -0.940  -0.940   1.006   1.006   1.431   1.431
            0.975000  1.000000  0.000000
  -0.958  -0.958   1.003   1.003   1.433   1.433
            1.000000  1.000000  0.000000
  -0.964  -0.964   1.002   1.002   1.434   1.434
            0.981818  0.981818  0.000000
  -0.964  -0.952   1.003   1.003   1.434   1.433
            0.963636  0.963636  0.000000
  -0.962  -0.917   1.008   1.005   1.434   1.428
            0.945455  0.945455  0.000000
  -0.959  -0.863   1.013   1.009   1.432   1.421
            0.927273  0.927273  0.000000
  -0.955  -0.794   1.020   1.014   1.431   1.413
            0.909091  0.909091  0.000000
  -0.950  -0.716   1.026   1.022   1.429   1.405
            0.890909  0.890909  0.000000
  -0.943  -0.634   1.031   1.032   1.426   1.397
            0.872727  0.872727  0.000000
  -0.935  -0.553   1.036   1.043   1.423   1.389
            0.854545  0.854545  0.000000
  -0.925  -0.476   1.040   1.058   1.419   1.381
            0.836364  0.836364  0.000000
  -0.913  -0.405   1.043   1.075   1.415   1.374
            0.818182  0.818182  0.000000
  -0.900  -0.343   1.045   1.095   1.409   1.366
            0.800000  0.800000  0.000000
  -0.885  -0.289   1.048   1.117   1.403   1.358
            0.781818  0.781818  0.000000
  -0.868  -0.244   1.050   1.142   1.396   1.350
            0.763636  0.763636  0.000000
  -0.849  -0.207   1.052   1.169   1.388   1.341
            0.745455  0.745455  0.000000
  -0.828  -0.176   1.053   1.196   1.378   1.332
            0.727273  0.727273  0.000000
  -0.806  -0.150   1.054   1.221   1.368   1.323
            0.709091  0.709091  0.000000
  -0.781  -0.125   1.055   1.242   1.357   1.313
            0.690909  0.690909  0.000000
  -0.755  -0.100   1.055   1.258   1.346   1.303
            0.672727  0.672727  0.000000
  -0.727  -0.073   1.055   1.268   1.333   1.293
            0.654545  0.654545  0.000000
  -0.698  -0.043   1.054   1.271   1.319   1.283
            0.636364  0.636364  0.000000
  -0.667  -0.012   1.052   1.269   1.305   1.273
            0.618182  0.618182  0.000000
  -0.634   0.021   1.051   1.262   1.291   1.263
            0.600000  0.600000  0.000000
  -0.600   0.055   1.048   1.251   1.276   1.252
            0.581818  0.581818  0.000000
  -0.565   0.088   1.046   1.237   1.260   1.242
            0.563636  0.563636  0.000000
  -0.529   0.121   1.043   1.222   1.245   1.232
            0.545455  0.545455  0.000000
  -0.492   0.153   1.040   1.205   1.229   1.222
            0.527273  0.527273  0.000000
  -0.453   0.184   1.038   1.188   1.214   1.212
            0.509091  0.509091  0.000000
  -0.414   0.214   1.036   1.169   1.198   1.201
            0.490909  0.490909  0.000000
  -0.373   0.243   1.034   1.150   1.183   1.191
            0.472727  0.472727  0.000000
  -0.332   0.271   1.034   1.131   1.168   1.180
            0.454545  0.454545  0.000000
  -0.290   0.298   1.035   1.111   1.154   1.169
            0.436364  0.436364  0.000000
  -0.248   0.324   1.037   1.092   1.140   1.157
            0.418182  0.418182  0.000000
  -0.204   0.349   1.041   1.074   1.126   1.145
            0.400000  0.400000  0.000000
  -0.160   0.372   1.046   1.056   1.112   1.133
            0.381818  0.381818  0.000000
  -0.115   0.394   1.054   1.039   1.099   1.121
            0.363636  0.363636  0.000000
  -0.069   0.414   1.063   1.023   1.087   1.108
            0.345455  0.345455  0.000000
  -0.023   0.433   1.073   1.008   1.074   1.094
            0.327273  0.327273  0.000000
   0.025   0.450   1.086   0.994   1.081   1.062
            0.309091  0.309091  0.000000
   0.073   0.465   1.099   0.982   1.068   1.051
            0.290909  0.290909  0.000000
   0.122   0.479   1.114   0.971   1.054   1.039
            0.272727  0.272727  0.000000
   0.171   0.491   1.130   1.037   0.966   1.029
            0.254545  0.254545  0.000000
   0.221   0.502   1.147   1.028   0.954   1.018
            0.236364  0.236364  0.000000
   0.271   0.512   1.164   1.016   0.947   1.008
            0.218182  0.218182  0.000000
   0.321   0.520   1.182   1.004   0.998   0.942
            0.200000  0.200000  0.000000
   0.371   0.527   1.199   0.993   0.989   0.938
            0.181818  0.181818  0.000000
   0.420   0.533   1.216   0.983   0.980   0.935
            0.163636  0.163636  0.000000
   0.467   0.537   1.232   0.974   0.972   0.933
            0.145455  0.145455  0.000000
   0.512   0.541   1.247   0.965   0.964   0.931
            0.127273  0.127273  0.000000
   0.555   0.544   1.261   0.958   0.957   0.931
            0.109091  0.109091  0.000000
   0.594   0.547   1.274   0.951   0.951   0.931
            0.090909  0.090909  0.000000
   0.629   0.549   1.285   0.945   0.945   0.931
            0.072727  0.072727  0.000000
   0.659   0.550   1.294   0.941   0.941   0.931
            0.054545  0.054545  0.000000
   0.683   0.551   1.302   0.937   0.937   0.932
            0.036364  0.036364  0.000000
   0.700   0.552   1.307   0.935   0.935   0.932
            0.018182  0.018182  0.000000
   0.711   0.551   1.311   0.933   0.933   0.933
            0.000000  0.000000  0.000000
   0.711   0.551   1.311   0.933   0.933   0.933
            0.000000  0.000000  0.000000
   0.637   0.637   1.284   0.933   0.933   0.933
            0.012500  0.012500  0.012500
   0.637   0.637   1.284   0.933   0.933   0.933
            0.025000  0.025000  0.025000
   0.629   0.629   1.281   0.934   0.934   0.932
            0.037500  0.037500  0.037500
   0.616   0.616   1.277   0.936   0.936   0.932
            0.050000  0.050000  0.050000
   0.599   0.599   1.271   0.939   0.939   0.932
            0.062500  0.062500  0.062500
   0.577   0.577   1.264   0.942   0.942   0.931
            0.075000  0.075000  0.075000
   0.551   0.551   1.256   0.946   0.946   0.930
            0.087500  0.087500  0.087500
   0.521   0.521   1.246   0.950   0.950   0.930
            0.100000  0.100000  0.100000
   0.487   0.487   1.236   0.956   0.956   0.929
            0.112500  0.112500  0.112500
   0.449   0.449   1.224   0.962   0.962   0.929
            0.125000  0.125000  0.125000
   0.408   0.408   1.211   0.968   0.968   0.929
            0.137500  0.137500  0.137500
   0.364   0.364   1.198   0.975   0.975   0.929
            0.150000  0.150000  0.150000
   0.317   0.317   1.184   0.983   0.983   0.929
            0.162500  0.162500  0.162500
   0.268   0.268   1.170   0.991   0.991   0.930
            0.175000  0.175000  0.175000
   0.217   0.217   1.156   0.999   0.999   0.931
            0.187500  0.187500  0.187500
   0.163   0.163   1.141   1.008   1.008   0.932
            0.200000  0.200000  0.200000
   0.107   0.107   1.127   0.934   1.018   1.018
            0.212500  0.212500  0.212500
   0.050   0.050   1.112   0.937   1.027   1.027
            0.225000  0.225000  0.225000
  -0.010  -0.010   1.098   0.940   1.036   1.036
            0.237500  0.237500  0.237500
  -0.071  -0.071   1.084   0.943   1.046   1.046
            0.250000  0.250000  0.250000
  -0.133  -0.133   1.070   0.947   1.056   1.056
            0.262500  0.262500  0.262500
  -0.197  -0.197   1.057   0.952   1.065   1.065
            0.275000  0.275000  0.275000
  -0.263  -0.263   1.044   0.958   1.075   1.075
            0.287500  0.287500  0.287500
  -0.330  -0.330   1.031   0.964   1.084   1.084
            0.300000  0.300000  0.300000
  -0.398  -0.398   1.019   0.970   1.093   1.093
            0.312500  0.312500  0.312500
  -0.467  -0.467   1.007   0.978   1.101   1.101
            0.325000  0.325000  0.325000
  -0.537  -0.537   0.996   0.986   1.109   1.109
            0.337500  0.337500  0.337500
  -0.608  -0.608   0.984   0.995   1.117   1.117
            0.350000  0.350000  0.350000
  -0.679  -0.679   0.972   1.004   1.124   1.124
            0.362500  0.362500  0.362500
  -0.749  -0.749   0.960   1.015   1.130   1.130
            0.375000  0.375000  0.375000
  -0.819  -0.819   0.948   1.027   1.136   1.136
            0.387500  0.387500  0.387500
  -0.887  -0.887   0.934   1.040   1.141   1.141
            0.400000  0.400000  0.400000
  -0.952  -0.952   0.919   1.056   1.146   1.146
            0.412500  0.412500  0.412500
  -1.013  -1.013   0.901   1.074   1.150   1.150
            0.425000  0.425000  0.425000
  -1.070  -1.070   0.879   1.097   1.153   1.153
            0.437500  0.437500  0.437500
  -1.121  -1.121   0.851   1.125   1.156   1.156
            0.450000  0.450000  0.450000
  -1.165  -1.165   0.812   1.165   1.158   1.158
            0.462500  0.462500  0.462500
  -1.200  -1.200   0.754   1.222   1.160   1.160
            0.475000  0.475000  0.475000
  -1.226  -1.226   0.664   1.311   1.161   1.161
            0.487500  0.487500  0.487500
  -1.242  -1.242   0.529   1.444   1.162   1.162
            0.500000  0.500000  0.500000
  -1.247  -1.247   0.434   1.537   1.162   1.162
