 &plot nbnd=  12, nks=   258 /
            0.000000  0.000000  0.000000
    -5.8173183     6.2329168     6.2329168     6.2329168     8.7990443     8.7990443     8.7990443     9.6772783
    13.9927407    14.0850836    14.0850836    17.4702902
            0.000000  0.025000  0.000000
    -5.8145425     6.2145135     6.2205689     6.2205689     8.7918151     8.8147676     8.8147676     9.6952097
    14.0053969    14.0604556    14.0881425    17.4751747
            0.000000  0.050000  0.000000
    -5.8062162     6.1604924     6.1844407     6.1844407     8.7703645     8.8610172     8.8610172     9.7476178
    13.9889416    14.0431226    14.0973191    17.4898259
            0.000000  0.075000  0.000000
    -5.7937164     6.0725888     6.1259463     6.1259463     8.7351082     8.9347546     8.9347546     9.8306405
    13.8766802    14.1051827    14.1126128    17.5110095
            0.000000  0.100000  0.000000
    -5.7743220     5.9582107     6.0507417     6.0507417     8.6876190     9.0335138     9.0335138     9.9387463
    13.7328854    14.1340228    14.1905564    17.5450939
            0.000000  0.125000  0.000000
    -5.7493908     5.8206427     5.9613044     5.9613044     8.6289886     9.1531873     9.1531873    10.0652770
    13.5672906    14.1615481    14.2978266    17.5888904
            0.000000  0.150000  0.000000
    -5.7189308     5.6643412     5.8610688     5.8610688     8.5607171     9.2903027     9.2903027    10.2028685
    13.3900436    14.1951871    14.4254349    17.6423670
            0.000000  0.175000  0.000000
    -5.6829524     5.4931483     5.7530080     5.7530080     8.4843685     9.4418422     9.4418422    10.3431966
    13.2117037    14.2349380    14.5717430    17.7054773
            0.000000  0.200000  0.000000
    -5.6414676     5.3102130     5.6395760     5.6395760     8.4014895     9.6053012     9.6053012    10.4762918
    13.0439854    14.2807987    14.7351119    17.7781563
            0.000000  0.225000  0.000000
    -5.5944904     5.1180404     5.5227455     5.5227455     8.3135526     9.7786515     9.7786515    10.5896721
    12.9007252    14.3327667    14.9139565    17.8603137
            0.000000  0.250000  0.000000
    -5.5420369     4.9185920     5.4040831     5.4040831     8.2219201     9.9602674     9.9602674    10.6682505
    12.7980643    14.3908390    15.1067777    17.9518260
            0.000000  0.275000  0.000000
    -5.4847332     4.7124423     5.2847373     5.2847373     8.1254382    10.1482741    10.1482741    10.6950880
    12.7455682    14.4550127    15.3120511    18.0523110
            0.000000  0.300000  0.000000
    -5.4213969     4.5027681     5.1662466     5.1662466     8.0299107    10.3436402    10.3436402    10.6717925
    12.7688357    14.5252839    15.5288686    18.1622698
            0.000000  0.325000  0.000000
    -5.3526481     4.2892959     5.0485401     5.0485401     7.9338938    10.5431666    10.5431666    10.5855670
    12.8520781    14.6016488    15.7555542    18.2805563
            0.000000  0.350000  0.000000
    -5.2785089     4.0729033     4.9326407     4.9326407     7.8383509    10.4547947    10.7470762    10.7470762
    12.9880510    14.6841029    15.9911507    18.4070791
            0.000000  0.375000  0.000000
    -5.1998709     3.8526520     4.8187593     4.8187593     7.7438072    10.2933240    10.9515819    10.9515819
    13.1631363    14.7687967    16.2344455    18.5352030
            0.000000  0.400000  0.000000
    -5.1150455     3.6296006     4.7078034     4.7078034     7.6513568    10.1110158    11.1591012    11.1591012
    13.3646828    14.8616612    16.4845855    18.6758937
            0.000000  0.425000  0.000000
    -5.0249187     3.4072430     4.6000480     4.6000480     7.5613650     9.9197631    11.3727383    11.3727383
    13.5869920    14.9622230    16.7403867    18.8224534
            0.000000  0.450000  0.000000
    -4.9286346     3.1837642     4.4957325     4.4957325     7.4746868     9.7259045    11.5913033    11.5913033
    13.8233612    15.0688471    17.0009673    18.9794648
            0.000000  0.475000  0.000000
    -4.8280380     2.9592700     4.3949565     4.3949565     7.3910753     9.5285942    11.8099198    11.8099198
    14.0690610    15.1815267    17.2646686    19.1331282
            0.000000  0.500000  0.000000
    -4.7222539     2.7340847     4.2979980     4.2979980     7.3112619     9.3329040    12.0306376    12.0306376
    14.3217256    15.3002545    17.5303873    19.2863862
            0.000000  0.525000  0.000000
    -4.6113263     2.5084274     4.2050322     4.2050322     7.2355940     9.1407202    12.2532673    12.2532673
    14.5793104    15.4250224    17.7966243    19.4352232
            0.000000  0.550000  0.000000
    -4.4953027     2.2825034     4.1162100     4.1162100     7.1643816     8.9533930    12.4776523    12.4776523
    14.8402582    15.5558219    18.0616399    19.5739530
            0.000000  0.575000  0.000000
    -4.3742339     2.0565100     4.0316611     4.0316611     7.0979027     8.7719038    12.7036634    12.7036634
    15.1033376    15.6926440    18.3233776    19.6947034
            0.000000  0.600000  0.000000
    -4.2460139     1.8306406     3.9518458     3.9518458     7.0368172     8.5969736    12.9314948    12.9314948
    15.3675410    15.8354789    18.5794099    19.7911795
            0.000000  0.625000  0.000000
    -4.1151270     1.6023959     3.8757320     3.8757320     6.9805767     8.4290930    13.1561346    13.1561346
    15.6320046    15.9738847    18.8267073    19.8435771
            0.000000  0.650000  0.000000
    -3.9793676     1.3772722     3.8045758     3.8045758     6.9297563     8.2687393    13.3862714    13.3862714
    15.8960258    16.1284901    19.0617551    19.8456018
            0.000000  0.675000  0.000000
    -3.8366331     1.1541112     3.7383439     3.7383439     6.8857541     8.1180282    13.6211942    13.6211942
    16.1596971    16.2927641    19.2806077    19.8129809
            0.000000  0.700000  0.000000
    -3.6913475     0.9305370     3.6765385     3.6765385     6.8463090     7.9734307    13.8538797    13.8538797
    16.4209729    16.4592790    19.4778810    19.7070301
            0.000000  0.725000  0.000000
    -3.5414034     0.7080610     3.6195022     3.6195022     6.8128222     7.8369225    14.0876589    14.0876589
    16.6317375    16.6800164    19.5566765    19.5566765
            0.000000  0.750000  0.000000
    -3.3868711     0.4879373     3.5679378     3.5679378     6.7867115     7.7085872    14.3252740    14.3252740
    16.8381687    16.9371710    19.3745975    19.3745975
            0.000000  0.775000  0.000000
    -3.2287723     0.2682051     3.5205330     3.5205330     6.7618023     7.5877492    14.5595026    14.5595026
    17.0224250    17.1899054    19.1444374    19.1444374
            0.000000  0.800000  0.000000
    -3.0653702     0.0502090     3.4780358     3.4780358     6.7469633     7.4758160    14.7957758    14.7957758
    17.2125818    17.4391386    18.9222251    18.9222251
            0.000000  0.825000  0.000000
    -2.8976654    -0.1659011     3.4404731     3.4404731     6.7386713     7.3720755    15.0321113    15.0321113
    17.4086205    17.6841470    18.6903381    18.6903381
            0.000000  0.850000  0.000000
    -2.7257611    -0.3799316     3.4078732     3.4078732     6.7370591     7.2764844    15.2677635    15.2677635
    17.6105211    17.9243623    18.4533769    18.4533769
            0.000000  0.875000  0.000000
    -2.5497667    -0.5916925     3.3802602     3.3802602     6.7422563     7.1889816    15.5014384    15.5014384
    17.8182625    18.1591346    18.2153362    18.2153362
            0.000000  0.900000  0.000000
    -2.3699898    -0.8032470     3.3572425     3.3572425     6.7507233     7.1103103    15.7275570    15.7275570
    17.9757206    17.9757206    18.0314385    18.3856928
            0.000000  0.925000  0.000000
    -2.1861679    -1.0100416     3.3396063     3.3396063     6.7697528     7.0386654    15.9475323    15.9475323
    17.7502443    17.7502443    18.2507746    18.6071270
            0.000000  0.950000  0.000000
    -1.9986229    -1.2140292     3.3270005     3.3270005     6.7959575     6.9748608    16.1477696    16.1477696
    17.5455122    17.5455122    18.4758767    18.8202559
            0.000000  0.975000  0.000000
    -1.8074905    -1.4150407     3.3194336     3.3194336     6.8294558     6.9187957    16.3035759    16.3035759
    17.3867940    17.3867940    18.7067163    19.0236245
            0.000000  1.000000  0.000000
    -1.6129132    -1.6129132     3.3169107     3.3169107     6.8703641     6.8703641    16.3669722    16.3669722
    17.3223923    17.3223923    18.9432628    18.9432628
            1.000000  1.000000  0.000000
    -1.6129132    -1.6129132     3.3169107     3.3169107     6.8703641     6.8703641    16.3669722    16.3669722
    17.3223923    17.3223923    18.9432628    18.9432628
            0.983333  0.983333  0.000000
    -1.6137880    -1.6102726     3.2993345     3.3189106     6.8726716     6.8959255    16.3403845    16.3519158
    17.2798612    17.2916425    18.9715291    18.9733936
            0.966667  0.966667  0.000000
    -1.6164667    -1.6023512     3.2482675     3.3249075     6.8795914     6.9709976    16.2639551    16.3077141
    17.1629706    17.2056076    19.0529715    19.0575655
            0.950000  0.950000  0.000000
    -1.6211123    -1.5891502     3.1681771     3.3348929     6.8911155     7.0912612    16.1459805    16.2370003
    16.9940512    17.0780688    19.1792257    19.1819801
            0.933333  0.933333  0.000000
    -1.6279964    -1.5706716     3.0651306     3.3488525     6.9072307     7.2508954    15.9963054    16.1434257
    16.7931525    16.9226323    19.3330087    19.3403351
            0.916667  0.916667  0.000000
    -1.6374977    -1.5469181     2.9455752     3.3667663     6.9279180     7.4437951    15.8238027    16.0309615
    16.5737794    16.7494070    19.5005211    19.5272728
            0.900000  0.900000  0.000000
    -1.6503256    -1.5181849     2.8152791     3.3885414     6.9526566     7.6641148    15.6334845    15.9031934
    16.3416656    16.5580202    19.6606965    19.6756207
            0.883333  0.883333  0.000000
    -1.6666300    -1.4838801     2.6799887     3.4142730     6.9823941     7.9076110    15.4342795    15.7638759
    16.1071940    16.3668901    19.7931815    19.8584754
            0.866667  0.866667  0.000000
    -1.6874419    -1.4443134     2.5437723     3.4438616     7.0166108     8.1685432    15.2281432    15.6155665
    15.8698808    16.1721747    19.9333594    20.0436634
            0.850000  0.850000  0.000000
    -1.7131999    -1.3994909     2.4105620     3.4772617     7.0552624     8.4470511    15.0177475    15.4605566
    15.6332760    15.9758984    20.0787424    20.2292486
            0.833333  0.833333  0.000000
    -1.7450246    -1.3515914     2.2833094     3.5137051     7.0964981     8.7387577    14.8045057    15.2995153
    15.3868360    15.7740525    20.2258055    20.4055067
            0.816667  0.816667  0.000000
    -1.7825389    -1.2961625     2.1645927     3.5545712     7.1440012     9.0449982    14.5910817    15.1397324
    15.1545282    15.5801256    20.3752464    20.5924924
            0.800000  0.800000  0.000000
    -1.8287109    -1.2357534     2.0563714     3.5986700     7.1954101     9.3581453    14.3748545    14.9241044
    14.9742210    15.3769690    20.5227913    20.7732446
            0.783333  0.783333  0.000000
    -1.8826969    -1.1682206     1.9613454     3.6470625     7.2531423     9.6805261    14.1664093    14.7093809
    14.8097272    15.1938062    20.6674418    20.9554551
            0.766667  0.766667  0.000000
    -1.9447596    -1.0972861     1.8792340     3.6984885     7.3129171    10.0100923    13.9555688    14.4878656
    14.6428021    15.0055685    20.8012906    21.1302734
            0.750000  0.750000  0.000000
    -2.0154294    -1.0211481     1.8116854     3.7532896     7.3766699    10.3457462    13.7469064    14.2714270
    14.4763985    14.8209575    20.9155298    21.3019762
            0.725000  0.725000  0.000000
    -2.1374864    -0.8972134     1.7387614     3.8415856     7.4794936    10.8573959    13.4388674    13.9583704
    14.2291308    14.5517667    21.0007630    21.5537210
            0.700000  0.700000  0.000000
    -2.2783036    -0.7620484     1.6998233     3.9367585     7.5899896    11.3674007    13.1374771    13.6645244
    13.9850115    14.2916580    20.9025641    21.5257306
            0.675000  0.675000  0.000000
    -2.4348090    -0.6138328     1.6948308     4.0388550     7.7109317    11.8663860    12.8456920    13.4112814
    13.7482163    14.0449040    20.6805949    21.2290443
            0.650000  0.650000  0.000000
    -2.6046813    -0.4556826     1.7205247     4.1465078     7.8357812    12.2826182    12.5605205    13.2531190
    13.5166338    13.8102409    20.4131509    20.9399821
            0.625000  0.625000  0.000000
    -2.7847169    -0.2855433     1.7748311     4.2594930     7.9673119    12.2841743    12.4159905    13.2956115
    13.3950254    13.5892336    20.1379503    20.6635919
            0.600000  0.600000  0.000000
    -2.9715566    -0.1014331     1.8556795     4.3771252     8.1048970    12.0186394    12.2786383    13.0851388
    13.3857037    13.8270522    19.8658821    20.4053743
            0.575000  0.575000  0.000000
    -3.1628043     0.0911982     1.9588807     4.4985890     8.2450226    11.7609536    12.0591594    12.8858321
    13.1950055    14.3433364    19.5992774    20.1647726
            0.550000  0.550000  0.000000
    -3.3573650     0.2947478     2.0831981     4.6230400     8.3872172    11.5140405    11.8251107    12.7010070
    13.0208107    14.8734470    19.3408781    19.9495462
            0.525000  0.525000  0.000000
    -3.5497348     0.5096137     2.2256387     4.7494340     8.5294392    11.2762340    11.5916487    12.5295827
    12.8647145    15.3956818    19.0877922    19.7705383
            0.500000  0.500000  0.000000
    -3.7396422     0.7354174     2.3847101     4.8767310     8.6692765    11.0486840    11.3638947    12.3749508
    12.7276594    15.8848571    18.8339003    19.5114861
            0.475000  0.475000  0.000000
    -3.9250214     0.9725561     2.5587197     5.0037762     8.8042228    10.8318003    11.1450580    12.2392640
    12.6112698    16.3129899    18.5488664    18.9807187
            0.450000  0.450000  0.000000
    -4.1056995     1.2197843     2.7461351     5.1293164     8.9301051    10.6252374    10.9339229    12.1246077
    12.5157428    16.6381129    18.1394427    18.5951025
            0.425000  0.425000  0.000000
    -4.2808116     1.4774754     2.9455162     5.2520948     9.0436679    10.4297684    10.7336385    12.0335231
    12.4428105    16.8313866    17.6199166    18.3459571
            0.400000  0.400000  0.000000
    -4.4481505     1.7468150     3.1556172     5.3709756     9.1413249    10.2461240    10.5451409    11.9663284
    12.3979568    16.8903518    17.0764978    18.1478941
            0.375000  0.375000  0.000000
    -4.6076729     2.0240489     3.3741321     5.4818353     9.2178056    10.0704963    10.3614208    11.9207275
    12.3669970    16.5380290    16.8419380    17.9658991
            0.350000  0.350000  0.000000
    -4.7592600     2.3105817     3.6013068     5.5886844     9.2748054     9.9071693    10.1870514    11.8982816
    12.3674234    16.0183403    16.7193975    17.8110311
            0.325000  0.325000  0.000000
    -4.9014002     2.6068902     3.8350811     5.6880222     9.3107282     9.7548727    10.0235164    11.8899187
    12.3937965    15.5263537    16.5461118    17.6767433
            0.300000  0.300000  0.000000
    -5.0332102     2.9125628     4.0749100     5.7800839     9.3269977     9.6173963     9.8709673    11.8850631
    12.4563710    15.0749222    16.3372337    17.5621857
            0.275000  0.275000  0.000000
    -5.1563830     3.2252714     4.3168048     5.8622629     9.3255408     9.4870988     9.7259765    11.8610855
    12.5345943    14.6738801    16.1020585    17.4650525
            0.250000  0.250000  0.000000
    -5.2705671     3.5445804     4.5598241     5.9349937     9.3088036     9.3679117     9.5878374    11.7956474
    12.6375591    14.3412717    15.8485294    17.3869783
            0.225000  0.225000  0.000000
    -5.3736291     3.8715064     4.8016438     5.9987611     9.2600392     9.2846928     9.4608569    11.6662907
    12.7655872    14.1072589    15.5840744    17.3310536
            0.200000  0.200000  0.000000
    -5.4657130     4.2021282     5.0390457     6.0530793     9.1637307     9.2492587     9.3438695    11.4612891
    12.9125597    13.9658773    15.3162310    17.2937775
            0.175000  0.175000  0.000000
    -5.5476378     4.5338704     5.2693206     6.0993134     9.0783534     9.2104747     9.2345524    11.1946498
    13.0786057    13.9074284    15.0536332    17.2795605
            0.150000  0.150000  0.000000
    -5.6190674     4.8637432     5.4879479     6.1375440     9.0043114     9.1337237     9.1656178    10.8895559
    13.2584275    13.9050199    14.8043045    17.2843858
            0.125000  0.125000  0.000000
    -5.6796830     5.1870284     5.6900620     6.1684138     8.9416261     9.0424422     9.1146483    10.5738612
    13.4458892    13.9344665    14.5762992    17.3070505
            0.100000  0.100000  0.000000
    -5.7293922     5.4957781     5.8698468     6.1925792     8.8903149     8.9620015     9.0547745    10.2743248
    13.6324368    13.9769051    14.3772387    17.3431470
            0.075000  0.075000  0.000000
    -5.7681223     5.7774205     6.0206725     6.2106536     8.8503919     8.8944941     8.9826574    10.0173727
    13.8062262    14.0196427    14.2140685    17.3859479
            0.050000  0.050000  0.000000
    -5.7958182     6.0124323     6.1354770     6.2231606     8.8218680     8.8427756     8.9008417     9.8265420
    13.9515574    14.0546765    14.0927657    17.4267576
            0.025000  0.025000  0.000000
    -5.8117673     6.1747553     6.2082214     6.2304989     8.8047506     8.8103543     8.8289145     9.7137679
    14.0180073    14.0499904    14.0773142    17.4594944
            0.000000  0.000000  0.000000
    -5.8173183     6.2329168     6.2329168     6.2329168     8.7990443     8.7990443     8.7990443     9.6772783
    13.9927407    14.0850836    14.0850836    17.4702902
            0.012500  0.012500  0.012500
    -5.8152365     6.2080235     6.2292173     6.2292173     8.8044088     8.8044088     8.8062577     9.6909143
    14.0022358    14.0769639    14.0769639    17.4606050
            0.025000  0.025000  0.025000
    -5.8093350     6.1347845     6.2182373     6.2182373     8.8203487     8.8203487     8.8242518     9.7328498
    14.0305628    14.0531450    14.0531450    17.4297331
            0.037500  0.037500  0.037500
    -5.7989403     6.0212045     6.2003200     6.2003200     8.8456524     8.8464158     8.8464158     9.8051882
    14.0151511    14.0151511    14.0772888    17.3842022
            0.050000  0.050000  0.050000
    -5.7843931     5.8740281     6.1759970     6.1759970     8.8619509     8.8819013     8.8819013     9.9088375
    13.9652409    13.9652409    14.1416437    17.3242278
            0.062500  0.062500  0.062500
    -5.7657023     5.7008044     6.1459377     6.1459377     8.8679974     8.9258833     8.9258833    10.0418964
    13.9061000    13.9061000    14.2225392    17.2529916
            0.075000  0.075000  0.075000
    -5.7439161     5.5074599     6.1098463     6.1098463     8.8623543     8.9767687     8.9767687    10.1999388
    13.8402012    13.8402012    14.3184966    17.1731471
            0.087500  0.087500  0.087500
    -5.7169865     5.3000958     6.0706623     6.0706623     8.8459415     9.0343355     9.0343355    10.3776394
    13.7709608    13.7709608    14.4276387    17.0902834
            0.100000  0.100000  0.100000
    -5.6859575     5.0821305     6.0280511     6.0280511     8.8205687     9.0968466     9.0968466    10.5699364
    13.7007552    13.7007552    14.5474149    17.0076386
            0.112500  0.112500  0.112500
    -5.6508505     4.8565331     5.9827485     5.9827485     8.7881154     9.1629742     9.1629742    10.7726844
    13.6320344    13.6320344    14.6744451    16.9298590
            0.125000  0.125000  0.125000
    -5.6116903     4.6255632     5.9354331     5.9354331     8.7502320     9.2313565     9.2313565    10.9826746
    13.5670568    13.5670568    14.8041476    16.8624781
            0.137500  0.137500  0.137500
    -5.5685062     4.3909583     5.8867176     5.8867176     8.7082869     9.3006111     9.3006111    11.1974858
    13.5079085    13.5079085    14.9303327    16.8123581
            0.150000  0.150000  0.150000
    -5.5213320     4.1540744     5.8371461     5.8371461     8.6633976     9.3693489     9.3693489    11.4152993
    13.4565263    13.4565263    15.0450008    16.7879370
            0.162500  0.162500  0.162500
    -5.4702068     3.9159875     5.7871955     5.7871955     8.6164765     9.4361930     9.4361930    11.6347350
    13.4147115    13.4147115    15.1389950    16.7986240
            0.175000  0.175000  0.175000
    -5.4154647     3.6774150     5.7372157     5.7372157     8.5701764     9.4990306     9.4990306    11.8548764
    13.3862348    13.3862348    15.2039007    16.8515869
            0.187500  0.187500  0.187500
    -5.3565831     3.4392967     5.6876960     5.6876960     8.5212591     9.5581812     9.5581812    12.0744454
    13.3680780    13.3680780    15.2365529    16.9527891
            0.200000  0.200000  0.200000
    -5.2932108     3.2025424     5.6390017     5.6390017     8.4746862     9.6117279     9.6117279    12.2932510
    13.3642441    13.3642441    15.2396801    17.1032608
            0.212500  0.212500  0.212500
    -5.2276055     2.9661952     5.5909930     5.5909930     8.4226382     9.6578216     9.6578216    12.5091803
    13.3730151    13.3730151    15.2191344    17.2857840
            0.225000  0.225000  0.225000
    -5.1575933     2.7325336     5.5443048     5.5443048     8.3744281     9.6974524     9.6974524    12.7227624
    13.4002141    13.4002141    15.1833042    17.4992436
            0.237500  0.237500  0.237500
    -5.0840331     2.4986062     5.4987164     5.4987164     8.3230613     9.7283056     9.7283056    12.9308319
    13.4381773    13.4381773    15.1391733    17.7352524
            0.250000  0.250000  0.250000
    -5.0070337     2.2699528     5.4549110     5.4549110     8.2768887     9.7525028     9.7525028    13.1341256
    13.4984471    13.4984471    15.0940555    17.9886048
            0.262500  0.262500  0.262500
    -4.9267249     2.0444035     5.4127718     5.4127718     8.2321508     9.7690787     9.7690787    13.3287052
    13.5752840    13.5752840    15.0536922    18.2542216
            0.275000  0.275000  0.275000
    -4.8443873     1.8201348     5.3734500     5.3734500     8.1897118     9.7799091     9.7799091    13.5110996
    13.6675252    13.6675252    15.0246664    18.5281808
            0.287500  0.287500  0.287500
    -4.7579915     1.6018072     5.3349212     5.3349212     8.1483866     9.7828638     9.7828638    13.6738010
    13.7757556    13.7757556    15.0148324    18.8056933
            0.300000  0.300000  0.300000
    -4.6688395     1.3876593     5.2983471     5.2983471     8.1089714     9.7801000     9.7801000    13.8097640
    13.8987283    13.8987283    15.0332613    19.0824689
            0.312500  0.312500  0.312500
    -4.5771903     1.1780820     5.2637942     5.2637942     8.0715788     9.7725130     9.7725130    13.9114578
    14.0355418    14.0355418    15.0883934    19.3527704
            0.325000  0.325000  0.325000
    -4.4833570     0.9735035     5.2313176     5.2313176     8.0363042     9.7610287     9.7610287    13.9758591
    14.1852492    14.1852492    15.1838932    19.6088873
            0.337500  0.337500  0.337500
    -4.3877199     0.7744060     5.2009625     5.2009625     8.0032276     9.7465582     9.7465582    14.0069746
    14.3469007    14.3469007    15.3161803    19.8401387
            0.350000  0.350000  0.350000
    -4.2907443     0.5813441     5.1727654     5.1727654     7.9724164     9.7299665     9.7299665    14.0133142
    14.5195720    14.5195720    15.4769827    20.0322590
            0.362500  0.362500  0.362500
    -4.1930028     0.3949688     5.1467562     5.1467562     7.9439272     9.7120517     9.7120517    14.0035711
    14.7023792    14.7023792    15.6576643    20.1687339
            0.375000  0.375000  0.375000
    -4.0958027     0.2159335     5.1229260     5.1229260     7.9154835     9.6931878     9.6931878    13.9829093
    14.8925062    14.8925062    15.8509915    20.0985612
            0.387500  0.387500  0.387500
    -3.9988391     0.0453948     5.1013597     5.1013597     7.8917479     9.6747120     9.6747120    13.9588821
    15.0929006    15.0929006    16.0528768    19.8186940
            0.400000  0.400000  0.400000
    -3.9042004    -0.1156517     5.0812664     5.0812664     7.8704105     9.6538198     9.6538198    13.9330803
    15.3000535    15.3000535    16.2588572    19.5354252
            0.412500  0.412500  0.412500
    -3.8109659    -0.2656830     5.0643699     5.0643699     7.8517733     9.6371926     9.6371926    13.9077398
    15.5279924    15.5279924    16.4662381    19.2605302
            0.425000  0.425000  0.425000
    -3.7240929    -0.4031428     5.0495703     5.0495703     7.8354429     9.6217724     9.6217724    13.8839567
    15.7493393    15.7493393    16.6717108    18.9800746
            0.437500  0.437500  0.437500
    -3.6416580    -0.5248659     5.0373381     5.0373381     7.8218483     9.6082099     9.6082099    13.8638090
    15.9783817    15.9783817    16.8728209    18.7129541
            0.450000  0.450000  0.450000
    -3.5711163    -0.6306221     5.0270679     5.0270679     7.8105416     9.5967310     9.5967310    13.8458015
    16.2074723    16.2074723    17.0621096    18.4418510
            0.462500  0.462500  0.462500
    -3.5123422    -0.7168114     5.0190781     5.0190781     7.8017661     9.5875813     9.5875813    13.8314151
    16.4358304    16.4358304    17.2332850    18.1806346
            0.475000  0.475000  0.475000
    -3.4679408    -0.7811091     5.0133457     5.0133457     7.7892931     9.5809055     9.5809055    13.8209489
    16.6551473    16.6551473    17.3726371    17.9362998
            0.487500  0.487500  0.487500
    -3.4401962    -0.8206084     5.0099191     5.0099191     7.7854699     9.5768673     9.5768673    13.8145963
    16.8415303    16.8415303    17.4690926    17.7357523
            0.500000  0.500000  0.500000
    -3.4307518    -0.8339719     5.0087768     5.0087768     7.7841951     9.5755135     9.5755135    13.8124669
    16.9262159    16.9262159    17.5037855    17.6463402
            0.500000  0.512500  0.487500
    -3.4293703    -0.8331696     4.9953928     5.0061292     7.7965212     9.5727515     9.5809784    13.8194114
    16.8581395    16.9079701    17.5484859    17.6565952
            0.500000  0.525000  0.475000
    -3.4252264    -0.8307685     4.9560867     4.9981865     7.8325233     9.5646007     9.5975073    13.8399751
    16.7055932    16.8570958    17.5908712    17.6840622
            0.500000  0.537500  0.462500
    -3.4183219    -0.8267869     4.8931759     4.9849500     7.8894983     9.5514548     9.6254977    13.8733472
    16.5229068    16.7821978    17.6056274    17.7217999
            0.500000  0.550000  0.450000
    -3.4084984    -0.8211263     4.8105352     4.9667908     7.9636817     9.5368555     9.6665311    13.9182982
    16.3300710    16.6924268    17.6155935    17.7653461
            0.500000  0.562500  0.437500
    -3.3960870    -0.8140941     4.7104630     4.9430118     8.0504939     9.5155799     9.7195097    13.9726462
    16.1332872    16.5942976    17.6256105    17.8076652
            0.500000  0.575000  0.425000
    -3.3809274    -0.8056127     4.5970871     4.9139707     8.1456206     9.4916395     9.7863994    14.0339187
    15.9356661    16.4938391    17.6368153    17.8488790
            0.500000  0.587500  0.412500
    -3.3634388    -0.7957742     4.4734894     4.8796466     8.2449105     9.4658776     9.8681341    14.0988083
    15.7327214    16.3935508    17.6493960    17.8882788
            0.500000  0.600000  0.400000
    -3.3428052    -0.7846293     4.3423320     4.8402071     8.3452340     9.4395403     9.9655999    14.1631946
    15.5370752    16.3036278    17.6638359    17.9269149
            0.500000  0.612500  0.387500
    -3.3203676    -0.7730873     4.2057179     4.7956030     8.4437647     9.4133022    10.0788872    14.2217884
    15.3357656    16.2233549    17.6786956    17.9641199
            0.500000  0.625000  0.375000
    -3.2943047    -0.7597408     4.0656389     4.7460521     8.5389285     9.3883466    10.2087213    14.2692475
    15.1440328    16.1650640    17.6965990    18.0026710
            0.500000  0.637500  0.362500
    -3.2655406    -0.7454902     3.9235016     4.6916248     8.6296811     9.3653424    10.3543192    14.2993088
    14.9544421    16.1308734    17.7162406    18.0424147
            0.500000  0.650000  0.350000
    -3.2340895    -0.7305106     3.7805617     4.6324819     8.7157825     9.3449958    10.5147875    14.3068749
    14.7671461    16.1251558    17.7376102    18.0841939
            0.500000  0.662500  0.337500
    -3.1999673    -0.7150058     3.6378895     4.5688159     8.7975093     9.3279096    10.6889225    14.2891110
    14.5822619    16.1498178    17.7606909    18.1288980
            0.500000  0.675000  0.325000
    -3.1617206    -0.6997973     3.4963706     4.5008780     8.8784312     9.3148018    10.8731376    14.2460139
    14.4025725    16.2013795    17.7845371    18.1773528
            0.500000  0.687500  0.312500
    -3.1223658    -0.6840229     3.3569096     4.4288559     8.9532087     9.3056561    11.0704817    14.1804562
    14.2226253    16.2802334    17.8109414    18.2309348
            0.500000  0.700000  0.300000
    -3.0804007    -0.6685459     3.2202563     4.3530676     9.0257330     9.3009803    11.2774053    14.0453399
    14.0963721    16.3785912    17.8389885    18.2908058
            0.500000  0.712500  0.287500
    -3.0358501    -0.6539513     3.0862493     4.2737495     9.0959881     9.3007736    11.4918169    13.8702325
    13.9976417    16.4894969    17.8685492    18.3579084
            0.500000  0.725000  0.275000
    -2.9876864    -0.6400370     2.9574529     4.1914142     9.1660613     9.3057297    11.7145398    13.6985304
    13.8884456    16.6095765    17.8999907    18.4375526
            0.500000  0.737500  0.262500
    -2.9380673    -0.6278311     2.8335538     4.1062001     9.2358030     9.3155587    11.9435015    13.5296043
    13.7713429    16.7321485    17.9328196    18.5255152
            0.500000  0.750000  0.250000
    -2.8859557    -0.6176600     2.7153572     4.0185225     9.3056697     9.3303752    12.1779873    13.3635715
    13.6486569    16.8528633    17.9672157    18.6264184
            0.500000  0.762500  0.237500
    -2.8313896    -0.6100842     2.6036007     3.9287316     9.3501773     9.3760313    12.4172654    13.2004903
    13.5221025    16.9678559    18.0031752    18.7418415
            0.500000  0.775000  0.225000
    -2.7747816    -0.6057121     2.4988695     3.8371746     9.3745906     9.4471494    12.6602281    13.0400898
    13.3926335    17.0711993    18.0407012    18.8727594
            0.500000  0.787500  0.212500
    -2.7152778    -0.6052322     2.4021500     3.7441906     9.4022733     9.5187586    12.8837481    12.9090743
    13.2617260    17.1668932    18.0796493    19.0216891
            0.500000  0.800000  0.200000
    -2.6536221    -0.6091853     2.3142072     3.6501706     9.4366059     9.5920770    12.7299490    13.1302015
    13.1590331    17.2497728    18.1204094    19.1845590
            0.500000  0.812500  0.187500
    -2.5897137    -0.6182348     2.2356619     3.5554307     9.4756327     9.6666928    12.5793777    12.9984864
    13.4114226    17.3201660    18.1628890    19.3617449
            0.500000  0.825000  0.175000
    -2.5232769    -0.6329464     2.1672686     3.4603633     9.5192956     9.7428196    12.4354638    12.8670886
    13.6656777    17.3782390    18.2072065    19.5524314
            0.500000  0.837500  0.162500
    -2.4550724    -0.6537973     2.1093145     3.3651922     9.5673477     9.8201371    12.2917089    12.7363700
    13.9211657    17.4244030    18.2535228    19.7517410
            0.500000  0.850000  0.150000
    -2.3853888    -0.6817076     2.0622944     3.2702986     9.6187826     9.8987616    12.1493589    12.6066913
    14.1759479    17.4563814    18.3019976    19.9574003
            0.500000  0.862500  0.137500
    -2.3132267    -0.7157151     2.0264561     3.1760047     9.6752677     9.9785564    12.0132593    12.4783528
    14.4319054    17.4801426    18.3531061    20.1645960
            0.500000  0.875000  0.125000
    -2.2389252    -0.7552991     2.0019417     3.0832252     9.7366433    10.0628510    11.8839084    12.3541784
    14.6870854    17.4952589    18.4092334    20.3708175
            0.500000  0.887500  0.112500
    -2.1642943    -0.8037758     1.9873415     2.9910057     9.8000655    10.1436083    11.7565996    12.2243740
    14.9349516    17.4869117    18.4661995    20.5452628
            0.500000  0.900000  0.100000
    -2.0870348    -0.8571318     1.9843458     2.9004137     9.8678514    10.2244975    11.6350174    12.1015734
    15.1850128    17.4779576    18.5280393    20.6513278
            0.500000  0.912500  0.087500
    -2.0083559    -0.9161334     1.9915264     2.8117013     9.9389348    10.3040590    11.5201567    11.9812139
    15.4307994    17.4571184    18.5950884    20.6252230
            0.500000  0.925000  0.075000
    -1.9284331    -0.9801996     2.0082903     2.7251993    10.0129769    10.3803405    11.4140214    11.8636512
    15.6707443    17.4234074    18.6685301    20.4814200
            0.500000  0.937500  0.062500
    -1.8474658    -1.0486917     2.0339789     2.6412500    10.0895233    10.4499331    11.3200666    11.7493461
    15.9030069    17.3755566    18.7498122    20.2873249
            0.500000  0.950000  0.050000
    -1.7656815    -1.1209490     2.0679039     2.5602112    10.1679292    10.5069654    11.2442047    11.6389426
    16.1254749    17.3120773    18.8406392    20.0802648
            0.500000  0.962500  0.037500
    -1.6834708    -1.1979332     2.1091605     2.4819626    10.2445181    10.5413411    11.1941759    11.5319481
    16.3342309    17.2303997    18.9338158    19.8728129
            0.500000  0.975000  0.025000
    -1.6013201    -1.2758638     2.1574768     2.4077305    10.3220789    10.5461775    11.1807220    11.4326114
    16.5293352    17.1309932    19.0492849    19.6751508
            0.500000  0.987500  0.012500
    -1.5193080    -1.3560603     2.2120682     2.3376983    10.3969794    10.5178919    11.2057626    11.3395333
    16.7053032    17.0050160    19.1796968    19.4910726
            0.500000  1.000000  0.000000
    -1.4372416    -1.4372416     2.2723343     2.2723343    10.4649517    10.4649517    11.2622912    11.2622912
    16.8651406    16.8651406    19.3269417    19.3269417
            0.475000  1.000000  0.000000
    -1.4370763    -1.4370763     2.2780796     2.2780796    10.3686198    10.3686198    11.3685463    11.3685463
    16.8655229    16.8655229    19.3345022    19.3345022
            0.450000  1.000000  0.000000
    -1.4407720    -1.4407720     2.2934213     2.2934213    10.1526226    10.1526226    11.6003997    11.6003997
    16.8650144    16.8650144    19.3279904    19.3279904
            0.425000  1.000000  0.000000
    -1.4461180    -1.4461180     2.3187817     2.3187817     9.9011980     9.9011980    11.8811177    11.8811177
    16.8712500    16.8712500    19.3190454    19.3190454
            0.400000  1.000000  0.000000
    -1.4538356    -1.4538356     2.3537988     2.3537988     9.6393891     9.6393891    12.1820264    12.1820264
    16.8728872    16.8728872    19.3079619    19.3079619
            0.375000  1.000000  0.000000
    -1.4636915    -1.4636915     2.3978593     2.3978593     9.3770220     9.3770220    12.4925581    12.4925581
    16.8717596    16.8717596    19.2914587    19.2914587
            0.350000  1.000000  0.000000
    -1.4750661    -1.4750661     2.4503871     2.4503871     9.1184171     9.1184171    12.8102296    12.8102296
    16.8706895    16.8706895    19.2726024    19.2726024
            0.325000  1.000000  0.000000
    -1.4876229    -1.4876229     2.5105984     2.5105984     8.8658356     8.8658356    13.1328448    13.1328448
    16.8698781    16.8698781    19.2520045    19.2520045
            0.300000  1.000000  0.000000
    -1.5014255    -1.5014255     2.5774981     2.5774981     8.6200285     8.6200285    13.4573926    13.4573926
    16.8666464    16.8666464    19.2294811    19.2294811
            0.275000  1.000000  0.000000
    -1.5152558    -1.5152558     2.6501503     2.6501503     8.3839586     8.3839586    13.7854079    13.7854079
    16.8672171    16.8672171    19.2070971    19.2070971
            0.250000  1.000000  0.000000
    -1.5281091    -1.5281091     2.7275177     2.7275177     8.1606182     8.1606182    14.1168996    14.1168996
    16.8741432    16.8741432    19.1852535    19.1852535
            0.225000  1.000000  0.000000
    -1.5423316    -1.5423316     2.8075002     2.8075002     7.9449795     7.9449795    14.4417784    14.4417784
    16.8780879    16.8780879    19.1629254    19.1629254
            0.200000  1.000000  0.000000
    -1.5560515    -1.5560515     2.8886708     2.8886708     7.7438663     7.7438663    14.7625624    14.7625624
    16.8850916    16.8850916    19.1398952    19.1398952
            0.175000  1.000000  0.000000
    -1.5679541    -1.5679541     2.9697339     2.9697339     7.5578344     7.5578344    15.0800445    15.0800445
    16.8979972    16.8979972    19.1235433    19.1235433
            0.150000  1.000000  0.000000
    -1.5792564    -1.5792564     3.0479138     3.0479138     7.3888299     7.3888299    15.3852782    15.3852782
    16.9182603    16.9182603    19.1045008    19.1045008
            0.125000  1.000000  0.000000
    -1.5889422    -1.5889422     3.1211444     3.1211444     7.2395225     7.2395225    15.6735444    15.6735444
    16.9537242    16.9537242    19.0913293    19.0913293
            0.100000  1.000000  0.000000
    -1.5973585    -1.5973585     3.1863250     3.1863250     7.1117884     7.1117884    15.9249711    15.9249711
    17.0070483    17.0070483    19.0729279    19.0729279
            0.075000  1.000000  0.000000
    -1.6040704    -1.6040704     3.2409214     3.2409214     7.0086418     7.0086418    16.1266210    16.1266210
    17.0869452    17.0869452    19.0515153    19.0515153
            0.050000  1.000000  0.000000
    -1.6089535    -1.6089535     3.2822722     3.2822722     6.9326677     6.9326677    16.2657748    16.2657748
    17.1887426    17.1887426    19.0197443    19.0197444
            0.025000  1.000000  0.000000
    -1.6119189    -1.6119189     3.3081144     3.3081144     6.8860739     6.8860739    16.3428742    16.3428742
    17.2827842    17.2827842    18.9719172    18.9719172
            0.000000  1.000000  0.000000
    -1.6129132    -1.6129132     3.3169107     3.3169107     6.8703641     6.8703641    16.3669722    16.3669722
    17.3223923    17.3223923    18.9432628    18.9432628
            0.500000  0.500000  0.500000
    -3.4307518    -0.8339719     5.0087768     5.0087768     7.7841951     9.5755135     9.5755135    13.8124669
    16.9262159    16.9262159    17.5037855    17.6463402
            0.506250  0.506250  0.487500
    -3.4297157    -0.8333700     4.9987231     5.0067931     7.7934553     9.5734484     9.5796017    13.8176795
    16.8738378    16.9125411    17.5394337    17.6580986
            0.512500  0.512500  0.475000
    -3.4266076    -0.8315679     4.9690202     5.0008664     7.8206777     9.5674320     9.5918413    13.8331653
    16.7502360    16.8744971    17.5731712    17.7032329
            0.518750  0.518750  0.462500
    -3.4214286    -0.8285755     4.9209512     4.9910688     7.8642663     9.5580090     9.6121592    13.8584672
    16.5965423    16.8185946    17.5650265    17.7655922
            0.525000  0.525000  0.450000
    -3.4140999    -0.8243459     4.8568768     4.9775172     7.9218534     9.5480379     9.6404363    13.8928823
    16.4312889    16.7511027    17.5421659    17.8421039
            0.531250  0.531250  0.437500
    -3.4047869    -0.8190349     4.7779961     4.9603693     7.9902716     9.5349080     9.6765123    13.9351831
    16.2613401    16.6765425    17.5121628    17.9282271
            0.537500  0.537500  0.425000
    -3.3934101    -0.8126071     4.6870405     4.9398176     8.0660473     9.5225289     9.7201908    13.9839358
    16.0906700    16.5978398    17.4786394    18.0210107
            0.543750  0.543750  0.412500
    -3.3799732    -0.8051025     4.5861277     4.9160833     8.1452549     9.5133533     9.7712461    14.0371827
    15.9217621    16.5168429    17.4438661    18.1185749
            0.550000  0.550000  0.400000
    -3.3647320    -0.7964578     4.4772068     4.8904128     8.2234476     9.5114517     9.8320698    14.0924165
    15.7490610    16.4351089    17.4111280    18.2210646
            0.556250  0.556250  0.387500
    -3.3471916    -0.7869594     4.3618378     4.8610844     8.2961509     9.5185987     9.8970283    14.1458864
    15.5912432    16.3526898    17.3795961    18.3249239
            0.562500  0.562500  0.375000
    -3.3276073    -0.7765603     4.2415023     4.8293383     8.3584551     9.5398744     9.9685791    14.1927182
    15.4439777    16.2704633    17.3523220    18.4309501
            0.568750  0.568750  0.362500
    -3.3069264    -0.7661297     4.1173285     4.7952934     8.4059789     9.5788564    10.0463521    14.2256041
    15.3093921    16.1802732    17.3299847    18.5356398
            0.575000  0.575000  0.350000
    -3.2832879    -0.7542119     3.9905175     4.7595307     8.4363903     9.6380569    10.1302406    14.2357570
    15.2022635    16.0995681    17.3166097    18.6446198
            0.581250  0.581250  0.337500
    -3.2581323    -0.7424413     3.8618110     4.7221539     8.4489695     9.7174932    10.2198846    14.2124538
    15.1264483    16.0174925    17.3129690    18.7547510
            0.587500  0.587500  0.325000
    -3.2299412    -0.7294200     3.7322284     4.6834192     8.4453795     9.8158865    10.3150138    14.1527000
    15.0877809    15.9389750    17.3209791    18.8658018
            0.593750  0.593750  0.312500
    -3.2002940    -0.7159544     3.6023393     4.6435717     8.4290928     9.9309989    10.4153664    14.0591849
    15.0756621    15.8617663    17.3426268    18.9775676
            0.600000  0.600000  0.300000
    -3.1676388    -0.7022617     3.4725483     4.6030235     8.4012463    10.0582201    10.5207005    13.9409638
    15.0820145    15.7866904    17.3805779    19.0905285
            0.606250  0.606250  0.287500
    -3.1341659    -0.6889248     3.3432371     4.5614608     8.3652293    10.1938144    10.6287007    13.8060647
    15.0962354    15.7119297    17.4336178    19.2030979
            0.612500  0.612500  0.275000
    -3.0986559    -0.6756241     3.2156047     4.5196144     8.3234638    10.3389385    10.7431829    13.6618143
    15.1115250    15.6391702    17.5041340    19.3159155
            0.618750  0.618750  0.262500
    -3.0612227    -0.6627860     3.0898723     4.4775057     8.2775547    10.4902213    10.8619390    13.5120207
    15.1231841    15.5680549    17.5923280    19.4287431
            0.625000  0.625000  0.250000
    -3.0219929    -0.6509449     2.9660959     4.4352852     8.2288010    10.6450933    10.9826885    13.3593906
    15.1274378    15.4984439    17.6979388    19.5405177
            0.631250  0.631250  0.237500
    -2.9807912    -0.6399155     2.8457477     4.3931709     8.1782151    10.8045084    11.1093283    13.2058763
    15.1259103    15.4307924    17.8202255    19.6528502
            0.637500  0.637500  0.225000
    -2.9367380    -0.6301957     2.7290106     4.3513591     8.1265909    10.9662070    11.2402954    13.0543778
    15.1174737    15.3650565    17.9584355    19.7666086
            0.643750  0.643750  0.212500
    -2.8919218    -0.6229146     2.6148170     4.3096842     8.0731694    11.1287716    11.3715764    12.9025347
    15.1017703    15.2998818    18.1081178    19.8753837
            0.650000  0.650000  0.200000
    -2.8452437    -0.6172537     2.5067662     4.2686719     8.0217057    11.2911183    11.5085365    12.7558881
    15.0808945    15.2379639    18.2748463    19.9855569
            0.656250  0.656250  0.187500
    -2.7969732    -0.6140206     2.4041451     4.2282839     7.9713564    11.4511397    11.6485509    12.6169749
    15.0542011    15.1781166    18.4523077    20.0970339
            0.662500  0.662500  0.175000
    -2.7460069    -0.6142043     2.3072258     4.1887776     7.9204330    11.5974603    11.7919231    12.4929186
    15.0227022    15.1241255    18.6396165    20.2078304
            0.668750  0.668750  0.162500
    -2.6945778    -0.6180158     2.2168547     4.1499484     7.8705086    11.7153592    11.9373391    12.3993011
    14.9874524    15.0687392    18.8360231    20.3144060
            0.675000  0.675000  0.150000
    -2.6423213    -0.6262141     2.1334922     4.1119319     7.8214657    11.7701161    12.0836161    12.3704872
    14.9463451    15.0156969    19.0402341    20.4190217
            0.681250  0.681250  0.137500
    -2.5885253    -0.6386126     2.0580683     4.0749369     7.7741058    11.7394310    12.2333059    12.4308283
    14.9051647    14.9591037    19.2518438    20.5196128
            0.687500  0.687500  0.125000
    -2.5331535    -0.6558344     1.9909739     4.0391174     7.7283409    11.6491260    12.3846455    12.5544857
    14.8623931    14.9118310    19.4696257    20.6206887
            0.693750  0.693750  0.112500
    -2.4767141    -0.6777990     1.9327852     4.0044518     7.6856535    11.5321561    12.5371683    12.7086918
    14.8195060    14.8678570    19.6956040    20.7194509
            0.700000  0.700000  0.100000
    -2.4200348    -0.7052018     1.8835040     3.9710047     7.6431435    11.4027945    12.6902831    12.8763150
    14.7733093    14.8265909    19.9217494    20.8121608
            0.706250  0.706250  0.087500
    -2.3625835    -0.7375155     1.8436207     3.9388351     7.6026882    11.2692040    12.8432177    13.0518771
    14.7270252    14.7908846    20.1498323    20.9051959
            0.712500  0.712500  0.075000
    -2.3045402    -0.7742775     1.8133204     3.9080588     7.5644959    11.1369746    12.9949061    13.2327461
    14.6816658    14.7621408    20.3774292    20.9976531
            0.718750  0.718750  0.062500
    -2.2478197    -0.8148843     1.7920260     3.8786001     7.5280226    11.0016147    13.1438718    13.4153171
    14.6347495    14.7386923    20.5920742    21.0829447
            0.725000  0.725000  0.050000
    -2.1924399    -0.8578635     1.7798341     3.8506007     7.4939076    10.8691180    13.2883801    13.5999330
    14.5882833    14.7244362    20.7751597    21.1636869
            0.731250  0.731250  0.037500
    -2.1397899    -0.9024296     1.7761564     3.8240340     7.4616270    10.7356086    13.4248646    13.7844744
    14.5427338    14.7213937    20.8921988    21.2354602
            0.737500  0.737500  0.025000
    -2.0912753    -0.9467233     1.7803982     3.7987913     7.4303707    10.6037036    13.5488769    13.9650653
    14.4996736    14.7335370    20.9386484    21.2937662
            0.743750  0.743750  0.012500
    -2.0489479    -0.9871919     1.7925089     3.7752551     7.4024167    10.4736863    13.6579862    14.1395311
    14.4663316    14.7653558    20.9411463    21.3256562
            0.750000  0.750000  0.000000
    -2.0154294    -1.0211481     1.8116854     3.7532896     7.3766699    10.3457462    13.7469064    14.2714270
    14.4763985    14.8209575    20.9155298    21.3019762
            0.741667  0.758333  0.000000
    -2.0147808    -1.0213727     1.8122159     3.7489950     7.3829172    10.3461730    13.7262060    14.2920450
    14.4299832    14.8675020    20.8864116    21.3240012
            0.733333  0.766667  0.000000
    -2.0128351    -1.0220502     1.8138071     3.7362127     7.4015603    10.3474521    13.6716521    14.3290508
    14.3463524    14.9688103    20.8142345    21.3746173
            0.725000  0.775000  0.000000
    -2.0086039    -1.0231455     1.8164960     3.7154063     7.4323837    10.3498741    13.5972519    14.2111102
    14.4226391    15.0917338    20.7205154    21.4326001
            0.716667  0.783333  0.000000
    -2.0040729    -1.0247688     1.8202027     3.6867042     7.4747869    10.3528371    13.5106937    14.0857722
    14.5086569    15.2178113    20.6162678    21.4862975
            0.708333  0.791667  0.000000
    -1.9982455    -1.0268973     1.8249671     3.6508823     7.5282598    10.3566325    13.4179380    13.9577314
    14.6007153    15.3466576    20.5068667    21.5328112
            0.700000  0.800000  0.000000
    -1.9910952    -1.0290951     1.8309656     3.6087092     7.5934111    10.3612532    13.3241404    13.8287933
    14.6967971    15.4766041    20.3950755    21.4591950
            0.691667  0.808333  0.000000
    -1.9829503    -1.0330153     1.8373607     3.5606397     7.6669371    10.3665862    13.2252133    13.6987864
    14.7912355    15.6027367    20.2821452    21.3716232
            0.683333  0.816667  0.000000
    -1.9732410    -1.0369047     1.8452688     3.5078601     7.7493767    10.3727912    13.1256307    13.5692822
    14.8895606    15.7323504    20.1693757    21.2829940
            0.675000  0.825000  0.000000
    -1.9622371    -1.0414669     1.8542244     3.4509858     7.8399855    10.3797557    13.0253829    13.4401132
    14.9884334    15.8610125    20.0574445    21.1929916
            0.666667  0.833333  0.000000
    -1.9499391    -1.0467607     1.8642238     3.3907705     7.9380519    10.3874502    12.9248653    13.3114654
    15.0874759    15.9882513    19.9469830    21.1019506
            0.658333  0.841667  0.000000
    -1.9363480    -1.0528519     1.8752628     3.3279293     8.0429049    10.3958388    12.8243713    13.1834792
    15.1864170    16.1135747    19.8385740    21.0101433
            0.650000  0.850000  0.000000
    -1.9214646    -1.0598123     1.8873369     3.2631319     8.1539212    10.4048785    12.7241343    13.0562698
    15.2850512    16.2364359    19.7328052    20.9177990
            0.641667  0.858333  0.000000
    -1.9062616    -1.0678477     1.9004156     3.1969767     8.2703279    10.4137490    12.6243461    12.9278154
    15.3829639    16.3531377    19.6287319    20.8247671
            0.633333  0.866667  0.000000
    -1.8884974    -1.0763807     1.9145836     3.1304150     8.3920578    10.4245210    12.5258339    12.8050871
    15.4805998    16.4701185    19.5347783    20.7321853
            0.625000  0.875000  0.000000
    -1.8697448    -1.0864530     1.9297269     3.0632814     8.5182773    10.4351373    12.4274900    12.6807822
    15.5774086    16.5812655    19.4410919    20.6393167
            0.616667  0.883333  0.000000
    -1.8497039    -1.0978998     1.9458816     2.9962703     8.6469329    10.4461183    12.3301310    12.5573576
    15.6733895    16.6865131    19.3528057    20.5465901
            0.608333  0.891667  0.000000
    -1.8283762    -1.1105017     1.9630405     2.9300607     8.7809207    10.4573480    12.2339436    12.4355004
    15.7684449    16.7847791    19.2719661    20.4541419
            0.600000  0.900000  0.000000
    -1.8057628    -1.1245110     1.9811958     2.8649345     8.9182075    10.4686828    12.1391340    12.3150493
    15.8624819    16.8744707    19.1995467    20.3621031
            0.591667  0.908333  0.000000
    -1.7818654    -1.1400271     2.0003390     2.8012598     9.0583910    10.4799433    12.0459376    12.1961608
    15.9554097    16.9538747    19.1371438    20.2706012
            0.583333  0.916667  0.000000
    -1.7566856    -1.1571496     2.0204611     2.7393732     9.2010535    10.4909036    11.9546308    12.0790350
    16.0471369    17.0211344    19.0864850    20.1797637
            0.575000  0.925000  0.000000
    -1.7308339    -1.1766978     2.0413517     2.6794536     9.3445262    10.4983781    11.8638188    11.9631271
    16.1334819    17.0694029    19.0467326    20.0852854
            0.566667  0.933333  0.000000
    -1.7030959    -1.1973324     2.0633990     2.6220380     9.4907007    10.5078286    11.7773334    11.8503912
    16.2224135    17.1069690    19.0245599    19.9962311
            0.558333  0.941667  0.000000
    -1.6740809    -1.2198530     2.0863939     2.5672485     9.6376629    10.5158738    11.6939729    11.7405909
    16.3098382    17.1279192    19.0181569    19.9082531
            0.550000  0.950000  0.000000
    -1.6437909    -1.2443404     2.1103245     2.5153113     9.7844543    10.5219271    11.6143610    11.6345485
    16.3956368    17.1319951    19.0276167    19.8215056
            0.541667  0.958333  0.000000
    -1.6122281    -1.2708665     2.1351783     2.4664265     9.9296402    10.5252526    11.5335768    11.5392686
    16.4796757    17.1198093    19.0521562    19.7361575
            0.533333  0.966667  0.000000
    -1.5793948    -1.2994917     2.1609416     2.4207686    10.0709111    10.5249513    11.4398758    11.4696279
    16.5618016    17.0927236    19.0902393    19.6523977
            0.525000  0.975000  0.000000
    -1.5452933    -1.3302641     2.1876002     2.3784871    10.2043243    10.5199748    11.3572889    11.4065182
    16.6418371    17.0525798    19.1398480    19.5704394
            0.516667  0.983333  0.000000
    -1.5114327    -1.3644204     2.2147164     2.3392265    10.3211211    10.5079128    11.2910961    11.3464085
    16.7182162    16.9930039    19.1906962    19.4810666
            0.508333  0.991667  0.000000
    -1.4751260    -1.3998266     2.2430988     2.3038419    10.4121951    10.4901791    11.2550636    11.2995058
    16.7928969    16.9327163    19.2555934    19.4017990
            0.500000  1.000000  0.000000
    -1.4372416    -1.4372416     2.2723343     2.2723343    10.4649517    10.4649517    11.2622912    11.2622912
    16.8651406    16.8651406    19.3269417    19.3269417
