 &plot nbnd=   6, nks=   269 /
             0.0000000000   0.0000000000   0.0000000000
    -0.07295379    -0.07295896     1.04671857     0.93697676     0.93693284     0.93626076
             0.0000000000   0.0250000000   0.0000000000
    -0.07295379    -0.07295896     1.04671857     0.93697676     0.93693284     0.93626076
             0.0000000000   0.0500000000   0.0000000000
    -0.07014729    -0.07016876     1.04813635     0.93858488     0.93859547     0.93590193
             0.0000000000   0.0750000000   0.0000000000
    -0.06511991    -0.06513953     1.05038627     0.94142953     0.94143264     0.93536365
             0.0000000000   0.1000000000   0.0000000000
    -0.05870346    -0.05871710     1.05333253     0.94543260     0.94545319     0.93461133
             0.0000000000   0.1250000000   0.0000000000
    -0.05185984    -0.05186265     1.05687523     0.95063293     0.95065005     0.93372538
             0.0000000000   0.1500000000   0.0000000000
    -0.04574629    -0.04578684     1.06074753     0.95712511     0.95714134     0.93277317
             0.0000000000   0.1750000000   0.0000000000
    -0.04159372    -0.04160040     1.06476427     0.96499555     0.96497372     0.93183579
             0.0000000000   0.2000000000   0.0000000000
    -0.04063688    -0.04064526     1.06868231     0.97429432     0.97428813     0.93091874
             0.0000000000   0.2250000000   0.0000000000
    -0.04399351    -0.04396072     1.07230764     0.98507703     0.98510357     0.93009247
             0.0000000000   0.2500000000   0.0000000000
    -0.05270806    -0.05269854     1.07536746     0.99739663     0.99741550     0.92937524
             0.0000000000   0.2750000000   0.0000000000
    -0.06761027    -0.06765798     1.07771324     1.01134956     1.01135611     0.92881691
             0.0000000000   0.3000000000   0.0000000000
    -0.08957814    -0.08956168     1.07925296     1.02694601     1.02694432     0.92845301
             0.0000000000   0.3250000000   0.0000000000
    -0.11893826    -0.11894329     1.07979865     1.04421291     1.04420256     0.92830934
             0.0000000000   0.3500000000   0.0000000000
    -0.15612807    -0.15614653     1.07931923     1.06314023     1.06311117     0.92831415
             0.0000000000   0.3750000000   0.0000000000
    -0.20126450    -0.20126066     1.07775909     1.08361100     1.08359533     0.92854165
             0.0000000000   0.4000000000   0.0000000000
    -0.25425630    -0.25424227     1.07517273     1.10558773     1.10558975     0.92895319
             0.0000000000   0.4250000000   0.0000000000
    -0.31476754    -0.31476986     1.07164309     1.12892410     1.12892008     0.92956322
             0.0000000000   0.4500000000   0.0000000000
    -0.38234353    -0.38232656     1.06720058     1.15341089     1.15340319     0.93029875
             0.0000000000   0.4750000000   0.0000000000
    -0.45614697    -0.45619964     1.06204165     1.17879350     1.17878267     0.93115935
             0.0000000000   0.5000000000   0.0000000000
    -0.53527981    -0.53523770     1.05632494     1.20473406     1.20473909     0.93220340
             0.0000000000   0.5250000000   0.0000000000
    -0.61835076    -0.61833922     1.05024826     1.23083723     1.23086179     0.93333869
             0.0000000000   0.5500000000   0.0000000000
    -0.70399382    -0.70402158     1.04390439     1.25678926     1.25680499     0.93464314
             0.0000000000   0.5750000000   0.0000000000
    -0.79061340    -0.79059127     1.03755287     1.28214381     1.28212968     0.93609534
             0.0000000000   0.6000000000   0.0000000000
    -0.87629659    -0.87628348     1.03132210     1.30645744     1.30646839     0.93768295
             0.0000000000   0.6250000000   0.0000000000
    -0.95926938    -0.95927069     1.02538627     1.32942936     1.32938214     0.93952426
             0.0000000000   0.6500000000   0.0000000000
    -1.03780446    -1.03778217     1.01989101     1.35063033     1.35069437     0.94150539
             0.0000000000   0.6750000000   0.0000000000
    -1.11004345    -1.11008011     1.01486778     1.37003412     1.36999074     0.94372868
             0.0000000000   0.7000000000   0.0000000000
    -1.17470719    -1.17472489     1.01039337     1.38729414     1.38734152     0.94616934
             0.0000000000   0.7250000000   0.0000000000
    -1.23071742    -1.23072292     1.00650542     1.40251093     1.40249001     0.94880564
             0.0000000000   0.7500000000   0.0000000000
    -1.27737128    -1.27740116     1.00317746     1.41557729     1.41555577     0.95169025
             0.0000000000   0.7750000000   0.0000000000
    -1.31470620    -1.31470710     1.00037724     1.42665353     1.42665909     0.95477725
             0.0000000000   0.8000000000   0.0000000000
    -1.34297742    -1.34296408     0.99798439     1.43590760     1.43588468     0.95798268
             0.0000000000   0.8250000000   0.0000000000
    -1.36303520    -1.36304426     0.99594139     0.96133035     1.44340173     1.44341854
             0.0000000000   0.8500000000   0.0000000000
    -1.37612861    -1.37614576     0.99408279     0.96470601     1.44950608     1.44950220
             0.0000000000   0.8750000000   0.0000000000
    -1.38364519    -1.38365200     0.99242883     0.96806494     1.45426246     1.45426048
             0.0000000000   0.9000000000   0.0000000000
    -1.38715356    -1.38713452     0.99078599     0.97140586     1.45789379     1.45788232
             0.0000000000   0.9250000000   0.0000000000
    -1.38806085    -1.38810408     0.98907041     0.97459358     1.46055374     1.46056501
             0.0000000000   0.9500000000   0.0000000000
    -1.38772489    -1.38772694     0.98726455     0.97758972     1.46239083     1.46236332
             0.0000000000   0.9750000000   0.0000000000
    -1.38707932    -1.38709007     0.98517772     0.98039817     1.46341415     1.46343807
             0.0000000000   1.0000000000   0.0000000000
    -1.38681146    -1.38681149     0.98289327     0.98290787     1.46373754     1.46373754
             1.0000000000   1.0000000000   0.0000000000
    -1.38682137    -1.38683029     0.98289209     0.98291214     1.46372833     1.46375958
             0.9833333333   0.9833333333   0.0000000000
    -1.38604931    -1.37245593     0.98501820     0.98377252     1.46352403     1.46149418
             0.9666666667   0.9666666667   0.0000000000
    -1.38359130    -1.33064245     0.99091552     0.98646918     1.46276825     1.45506965
             0.9500000000   0.9500000000   0.0000000000
    -1.37944415    -1.26488742     0.99954871     0.99090360     1.46149764     1.44545037
             0.9333333333   0.9333333333   0.0000000000
    -1.37345583    -1.18051079     1.00969766     0.99722363     1.45975811     1.43403563
             0.9166666667   0.9166666667   0.0000000000
    -1.36548123    -1.08327536     1.02013992     1.00555137     1.45744826     1.42194358
             0.9000000000   0.9000000000   0.0000000000
    -1.35535239    -0.97926106     1.03013214     1.01601229     1.45457660     1.40994966
             0.8833333333   0.8833333333   0.0000000000
    -1.34292993    -0.87375874     1.03907233     1.02861040     1.45120061     1.39842696
             0.8666666667   0.8666666667   0.0000000000
    -1.32793416    -0.77118852     1.04673876     1.04359429     1.44717264     1.38777398
             0.8500000000   0.8500000000   0.0000000000
    -1.31029429    -0.67482626     1.05299194     1.06108075     1.44256127     1.37797500
             0.8333333333   0.8333333333   0.0000000000
    -1.28982192    -0.58709281     1.05781946     1.08115837     1.43731041     1.36910529
             0.8166666667   0.8166666667   0.0000000000
    -1.26641855    -0.50939415     1.06123231     1.10381132     1.43135611     1.36088109
             0.8000000000   0.8000000000   0.0000000000
    -1.24013233    -0.44231146     1.06331624     1.12885223     1.42478049     1.35334662
             0.7833333333   0.7833333333   0.0000000000
    -1.21113644    -0.38580063     1.06416550     1.15587083     1.41751362     1.34636395
             0.7666666667   0.7666666667   0.0000000000
    -1.17929863    -0.33912050     1.06388627     1.18415959     1.40954690     1.33980217
             0.7500000000   0.7500000000   0.0000000000
    -1.14494325    -0.30105431     1.06244482     1.21260650     1.40088182     1.33360858
             0.7312500000   0.7312500000   0.0000000000
    -1.10367503    -0.26603819     1.05960013     1.24285742     1.39033092     1.32682029
             0.7125000000   0.7125000000   0.0000000000
    -1.05997236    -0.23654632     1.05565821     1.26895619     1.37896953     1.32019673
             0.6937500000   0.6937500000   0.0000000000
    -1.01441802    -0.20965722     1.05065474     1.28865566     1.36670957     1.31366010
             0.6750000000   0.6750000000   0.0000000000
    -0.96751772    -0.18308163     1.04480843     1.30055663     1.35382494     1.30706452
             0.6562500000   0.6562500000   0.0000000000
    -0.91993212    -0.15593186     1.03830355     1.30428597     1.34011604     1.30034383
             0.6375000000   0.6375000000   0.0000000000
    -0.87224489    -0.12802523     1.03116383     1.30072209     1.32579900     1.29329909
             0.6187500000   0.6187500000   0.0000000000
    -0.82522441    -0.09983905     1.02371310     1.29111972     1.31095076     1.28599949
             0.6000000000   0.6000000000   0.0000000000
    -0.77921226    -0.07206491     1.01617853     1.27697432     1.29566775     1.27833346
             0.5812500000   0.5812500000   0.0000000000
    -0.73489408    -0.04521552     1.00868532     1.25969044     1.27996605     1.27014821
             0.5625000000   0.5625000000   0.0000000000
    -0.69272335    -0.01968662     1.00146178     1.24018465     1.26401693     1.26149046
             0.5437500000   0.5437500000   0.0000000000
    -0.65320778     0.00436705     0.99470648     1.21929053     1.24794966     1.25225462
             0.5250000000   0.5250000000   0.0000000000
    -0.61666982     0.02688138     0.98865583     1.19752222     1.23169869     1.24234853
             0.5062500000   0.5062500000   0.0000000000
    -0.58346527     0.04780198     0.98343429     1.17532753     1.21553647     1.23180329
             0.4875000000   0.4875000000   0.0000000000
    -0.55397029     0.06718829     0.97920983     1.15313080     1.19936936     1.22050042
             0.4687500000   0.4687500000   0.0000000000
    -0.52834858     0.08497706     0.97612254     1.13115374     1.18338195     1.20859916
             0.4500000000   0.4500000000   0.0000000000
    -0.50683236     0.10102273     0.97422089     1.10978327     1.16759301     1.19595729
             0.4312500000   0.4312500000   0.0000000000
    -0.48965974     0.11528638     0.97357913     1.08913444     1.15205798     1.18268832
             0.4125000000   0.4125000000   0.0000000000
    -0.47664668     0.12757950     0.97415993     1.06949374     1.13688174     1.16875783
             0.3937500000   0.3937500000   0.0000000000
    -0.46827108     0.13782163     0.97602647     1.05100286     1.12199112     1.15427677
             0.3750000000   0.3750000000   0.0000000000
    -0.46426589     0.14578065     0.97889402     1.03380145     1.10749857     1.13945165
             0.3562500000   0.3562500000   0.0000000000
    -0.46477572     0.15138545     0.98282058     1.01801500     1.09332087     1.12428670
             0.3375000000   0.3375000000   0.0000000000
    -0.46971612     0.15455975     0.98772269     1.00372488     1.07955959     1.10891009
             0.3187500000   0.3187500000   0.0000000000
    -0.47904350     0.15507862     0.99323097     0.99090993     1.09351107     1.06630621
             0.3000000000   0.3000000000   0.0000000000
    -0.49244265     0.15294982     0.99946970     0.97966751     1.07819846     1.05342899
             0.2812500000   0.2812500000   0.0000000000
    -0.50984974     0.14804309     1.00600151     0.96992842     1.06311630     1.04103459
             0.2625000000   0.2625000000   0.0000000000
    -0.53091704     0.14051767     1.01282750     1.04847668     0.96161937     1.02900289
             0.2437500000   0.2437500000   0.0000000000
    -0.55529146     0.13016473     1.01970802     1.03436372     0.95471687     1.01759011
             0.2250000000   0.2250000000   0.0000000000
    -0.58257842     0.11721022     1.02668105     1.02084561     1.00667852     0.94912730
             0.2062500000   0.2062500000   0.0000000000
    -0.61214420     0.10178927     1.03344225     1.00810588     0.99638451     0.94467863
             0.1875000000   0.1875000000   0.0000000000
    -0.64350434     0.08410379     1.03991629     0.99621182     0.98670254     0.94134121
             0.1687500000   0.1687500000   0.0000000000
    -0.67578546     0.06461481     1.04611309     0.98522709     0.97767147     0.93888445
             0.1500000000   0.1500000000   0.0000000000
    -0.70815807     0.04372569     1.05180379     0.97525399     0.96948944     0.93726047
             0.1312500000   0.1312500000   0.0000000000
    -0.73986385     0.02216459     1.05708085     0.96632428     0.96203152     0.93627987
             0.1125000000   0.1125000000   0.0000000000
    -0.76989077     0.00067493     1.06183612     0.95848641     0.95540611     0.93580642
             0.0937500000   0.0937500000   0.0000000000
    -0.79735666    -0.01981924     1.06595117     0.95181668     0.94974549     0.93568424
             0.0750000000   0.0750000000   0.0000000000
    -0.82128925    -0.03828420     1.06951555     0.94627014     0.94496765     0.93578092
             0.0562500000   0.0562500000   0.0000000000
    -0.84092225    -0.05370132     1.07244752     0.94198878     0.94132166     0.93593151
             0.0375000000   0.0375000000   0.0000000000
    -0.85547466    -0.06510909     1.07476462     0.93884698     0.93855703     0.93614051
             0.0187500000   0.0187500000   0.0000000000
    -0.86451404    -0.07174245     1.07647583     0.93701134     0.93693211     0.93631493
             0.0000000000   0.0000000000   0.0000000000
    -0.86451404    -0.07174245     1.07647583     0.93701134     0.93693211     0.93631493
             0.0000000000   0.0000000000   0.0000000000
    -0.52159126    -0.52161766     1.08559693     0.93677161     0.93677122     0.93635020
             0.0125000000   0.0125000000   0.0125000000
    -0.52159126    -0.52161766     1.08559693     0.93677161     0.93677122     0.93635020
             0.0250000000   0.0250000000   0.0250000000
    -0.52275461    -0.52273356     1.08393133     0.93790591     0.93792865     0.93634207
             0.0375000000   0.0375000000   0.0375000000
    -0.52437022    -0.52436140     1.08155453     0.93982394     0.93979421     0.93620023
             0.0500000000   0.0500000000   0.0500000000
    -0.52654342    -0.52657804     1.07864947     0.94246992     0.94245126     0.93611098
             0.0625000000   0.0625000000   0.0625000000
    -0.52942877    -0.52948324     1.07511856     0.94581764     0.94581931     0.93597441
             0.0750000000   0.0750000000   0.0750000000
    -0.53315038    -0.53312744     1.07109521     0.94991893     0.94988161     0.93591751
             0.0875000000   0.0875000000   0.0875000000
    -0.53780052    -0.53783277     1.06653787     0.95465033     0.95464949     0.93589367
             0.1000000000   0.1000000000   0.1000000000
    -0.54363144    -0.54361159     1.06152197     0.96010236     0.96010920     0.93597424
             0.1125000000   0.1125000000   0.1125000000
    -0.55075210    -0.55077307     1.05607079     0.96618230     0.96617277     0.93617085
             0.1250000000   0.1250000000   0.1250000000
    -0.55937790    -0.55937477     1.05026937     0.97284449     0.97291999     0.93657070
             0.1375000000   0.1375000000   0.1375000000
    -0.56967432    -0.56968634     1.04410122     0.98014425     0.98009245     0.93715023
             0.1500000000   0.1500000000   0.1500000000
    -0.58187376    -0.58185459     1.03764359     0.98791941     0.98796914     0.93797652
             0.1625000000   0.1625000000   0.1625000000
    -0.59618107    -0.59613093     1.03093560     0.99621131     0.99620213     0.93909870
             0.1750000000   0.1750000000   0.1750000000
    -0.61264566    -0.61263282     1.02405716     1.00490184     1.00489170     0.94059027
             0.1875000000   0.1875000000   0.1875000000
    -0.63157781    -0.63154569     1.01696731     1.01397399     1.01398450     0.94241818
             0.2000000000   0.2000000000   0.2000000000
    -0.65303178    -0.65308463     1.00974332     0.94467284     1.02336283     1.02339581
             0.2125000000   0.2125000000   0.2125000000
    -0.67723920    -0.67720070     1.00240854     0.94738718     1.03300359     1.03300739
             0.2250000000   0.2250000000   0.2250000000
    -0.70422286    -0.70423757     0.99494271     0.95056862     1.04283726     1.04281683
             0.2375000000   0.2375000000   0.2375000000
    -0.73417226    -0.73416371     0.98735779     0.95426175     1.05278087     1.05275523
             0.2500000000   0.2500000000   0.2500000000
    -0.76709858    -0.76712181     0.97971233     0.95856481     1.06276956     1.06275507
             0.2625000000   0.2625000000   0.2625000000
    -0.80303358    -0.80303802     0.97188279     0.96341403     1.07265745     1.07267039
             0.2750000000   0.2750000000   0.2750000000
    -0.84205601    -0.84204437     0.96390892     0.96892588     1.08245703     1.08248503
             0.2875000000   0.2875000000   0.2875000000
    -0.88402667    -0.88400733     0.95571107     0.97511340     1.09206210     1.09211639
             0.3000000000   0.3000000000   0.3000000000
    -0.92889317    -0.92888903     0.94721702     0.98203292     1.10135902     1.10138323
             0.3125000000   0.3125000000   0.3125000000
    -0.97649355    -0.97648050     0.93834333     0.98976304     1.11036945     1.11032380
             0.3250000000   0.3250000000   0.3250000000
    -1.02653103    -1.02655192     0.92897506     0.99840419     1.11887917     1.11885207
             0.3375000000   0.3375000000   0.3375000000
    -1.07872289    -1.07874713     0.91896238     1.00809045     1.12695686     1.12693851
             0.3500000000   0.3500000000   0.3500000000
    -1.13266713    -1.13263001     0.90812694     1.01901791     1.13451764     1.13451725
             0.3625000000   0.3625000000   0.3625000000
    -1.18765722    -1.18763368     0.89603494     1.03127276     1.14144607     1.14148692
             0.3750000000   0.3750000000   0.3750000000
    -1.24312839    -1.24312582     0.88251738     1.04538735     1.14789429     1.14787503
             0.3875000000   0.3875000000   0.3875000000
    -1.29820084    -1.29821033     0.86696269     1.06175181     1.15363239     1.15368136
             0.4000000000   0.4000000000   0.4000000000
    -1.35200026    -1.35199656     0.84855053     1.08098851     1.15881514     1.15883407
             0.4125000000   0.4125000000   0.4125000000
    -1.40342000    -1.40339335     0.82630063     1.10427299     1.16336299     1.16335517
             0.4250000000   0.4250000000   0.4250000000
    -1.45126912    -1.45127521     0.79847495     1.13319185     1.16728823     1.16730712
             0.4375000000   0.4375000000   0.4375000000
    -1.49444047    -1.49447057     0.76241661     1.17038199     1.17053724     1.17051998
             0.4500000000   0.4500000000   0.4500000000
    -1.53177213    -1.53173380     0.71388213     1.22025971     1.17324820     1.17323009
             0.4625000000   0.4625000000   0.4625000000
    -1.56209594    -1.56210326     0.64593822     1.28981116     1.17528594     1.17528487
             0.4750000000   0.4750000000   0.4750000000
    -1.58448563    -1.58447199     0.54985411     1.38807731     1.17676155     1.17673534
             0.4875000000   0.4875000000   0.4875000000
    -1.59823782    -1.59824470     0.43056499     1.51047785     1.17758315     1.17761916
             0.5000000000   0.5000000000   0.5000000000
    -1.60288862    -1.60290107     0.36219980     1.58090382     1.17794207     1.17792785
             0.5000000000   0.5125000000   0.4875000000
    -1.60232577    -1.58557190     0.36256266     1.58046756     1.17817770     1.17813593
             0.5000000000   0.5250000000   0.4750000000
    -1.60029027    -1.53502454     0.36369003     1.57922679     1.17902728     1.17883777
             0.5000000000   0.5375000000   0.4625000000
    -1.59669633    -1.45563820     0.36569665     1.57720495     1.18044353     1.18000163
             0.5000000000   0.5500000000   0.4500000000
    -1.59116655    -1.35330050     0.36858645     1.57433555     1.18239148     1.18156436
             0.5000000000   0.5625000000   0.4375000000
    -1.58307673    -1.23516902     0.37236307     1.57068914     1.18487163     1.18369705
             0.5000000000   0.5750000000   0.4250000000
    -1.57180068    -1.10804686     0.37715847     1.56615429     1.18780693     1.18630102
             0.5000000000   0.5875000000   0.4125000000
    -1.55675562    -0.97814560     0.38310966     1.56087875     1.19121239     1.18942338
             0.5000000000   0.6000000000   0.4000000000
    -1.53729018    -0.85047967     0.39026567     1.55473656     1.19511033     1.19306979
             0.5000000000   0.6125000000   0.3875000000
    -1.51296009    -0.72868942     0.39885717     1.54778079     1.19937796     1.19721676
             0.5000000000   0.6250000000   0.3750000000
    -1.48343623    -0.61536940     0.40889921     1.54007188     1.20399735     1.20186368
             0.5000000000   0.6375000000   0.3625000000
    -1.44862383    -0.51220542     0.42063531     1.53154837     1.20908199     1.20707909
             0.5000000000   0.6500000000   0.3500000000
    -1.40859411    -0.41989154     0.43422258     1.52229862     1.21454214     1.21283434
             0.5000000000   0.6625000000   0.3375000000
    -1.36373287    -0.33891388     0.44984341     1.51225467     1.22035551     1.21913838
             0.5000000000   0.6750000000   0.3250000000
    -1.31455298    -0.26918507     0.46756668     1.50147988     1.22652647     1.22592279
             0.5000000000   0.6875000000   0.3125000000
    -1.26164154    -0.21042523     0.48775626     1.49008856     1.23302343     1.23320362
             0.5000000000   0.7000000000   0.3000000000
    -1.20592602    -0.16232068     0.51037068     1.47800477     1.23991877     1.24106329
             0.5000000000   0.7125000000   0.2875000000
    -1.14827597    -0.12425677     0.53573640     1.46540251     1.24721304     1.24931296
             0.5000000000   0.7250000000   0.2750000000
    -1.08951326    -0.09576092     0.56383002     1.45218013     1.25488373     1.25801768
             0.5000000000   0.7375000000   0.2625000000
    -1.03049538    -0.07623324     0.59463462     1.43852092     1.26293919     1.26709555
             0.5000000000   0.7500000000   0.2500000000
    -0.97203831    -0.06488746     0.62809556     1.42440224     1.27125427     1.27650061
             0.5000000000   0.7625000000   0.2375000000
    -0.91465741    -0.06112321     0.66399945     1.40993133     1.28002259     1.28622140
             0.5000000000   0.7750000000   0.2250000000
    -0.85900834    -0.06392037     0.70190410     1.39514203     1.28913328     1.29621108
             0.5000000000   0.7875000000   0.2125000000
    -0.80556936    -0.07209895     0.74117605     1.38010912     1.29853702     1.30634450
             0.5000000000   0.8000000000   0.2000000000
    -0.75465211    -0.08473810     0.78106565     1.36492770     1.30815267     1.31655602
             0.5000000000   0.8125000000   0.1875000000
    -0.70656171    -0.10047518     0.82075457     1.34961004     1.31803123     1.32674870
             0.5000000000   0.8250000000   0.1750000000
    -0.66125916    -0.11809626     0.85926342     1.33424626     1.32803168     1.33695141
             0.5000000000   0.8375000000   0.1625000000
    -0.61900222    -0.13644744     0.89579741     1.31884059     1.33815740     1.34701948
             0.5000000000   0.8500000000   0.1500000000
    -0.57971262    -0.15464591     0.92965102     1.30362072     1.34823435     1.35693013
             0.5000000000   0.8625000000   0.1375000000
    -0.54344101    -0.17201456     0.96045066     1.28851536     1.35813953     1.36643916
             0.5000000000   0.8750000000   0.1250000000
    -0.50995494    -0.18805622     0.98795517     1.27350026     1.36786778     1.37567847
             0.5000000000   0.8875000000   0.1125000000
    -0.47930121    -0.20269988     1.01216274     1.25889494     1.37720896     1.38435147
             0.5000000000   0.9000000000   0.1000000000
    -0.45134583    -0.21598574     1.03340194     1.24450312     1.38610166     1.39240369
             0.5000000000   0.9125000000   0.0875000000
    -0.42578745    -0.22792962     1.05191309     1.23040970     1.39430861     1.39981572
             0.5000000000   0.9250000000   0.0750000000
    -0.40262683    -0.23908611     1.06824798     1.21676673     1.40179457     1.40642323
             0.5000000000   0.9375000000   0.0625000000
    -0.38162120    -0.24950504     1.08280114     1.20346776     1.40844224     1.41228531
             0.5000000000   0.9500000000   0.0500000000
    -0.36261012    -0.25967670     1.09603059     1.19064208     1.41404295     1.41705543
             0.5000000000   0.9625000000   0.0375000000
    -0.34545675    -0.26979506     1.10835480     1.17814333     1.41858523     1.42082431
             0.5000000000   0.9750000000   0.0250000000
    -0.32993410    -0.28024804     1.12007718     1.16605884     1.42200333     1.42348295
             0.5000000000   0.9875000000   0.0125000000
    -0.31587010    -0.29121857     1.13153561     1.15430185     1.42423391     1.42496929
             0.5000000000   1.0000000000   0.0000000000
    -0.30301915    -0.30300971     1.14281416     1.14287426     1.42517022     1.42514813
             0.4750000000   1.0000000000   0.0000000000
    -0.30738506    -0.30738679     1.14120322     1.14122182     1.42502349     1.42499366
             0.4500000000   1.0000000000   0.0000000000
    -0.32073225    -0.32073285     1.13650171     1.13650574     1.42454052     1.42451000
             0.4250000000   1.0000000000   0.0000000000
    -0.34337544    -0.34341945     1.12929232     1.12929744     1.42374211     1.42373093
             0.4000000000   1.0000000000   0.0000000000
    -0.37583938    -0.37587051     1.12039878     1.12039410     1.42274124     1.42272683
             0.3750000000   1.0000000000   0.0000000000
    -0.41830834    -0.41831601     1.11043678     1.11046966     1.42167942     1.42168252
             0.3500000000   1.0000000000   0.0000000000
    -0.47073873    -0.47075423     1.10013189     1.10013590     1.42067811     1.42066462
             0.3250000000   1.0000000000   0.0000000000
    -0.53271912    -0.53270019     1.08983107     1.08985755     1.41988719     1.41988360
             0.3000000000   1.0000000000   0.0000000000
    -0.60337464    -0.60336029     1.07979786     1.07977665     1.41942864     1.41942623
             0.2750000000   1.0000000000   0.0000000000
    -0.68141933    -0.68141916     1.07004829     1.07004499     1.41955083     1.41952044
             0.2500000000   1.0000000000   0.0000000000
    -0.76517514    -0.76518824     1.06061997     1.06060462     1.42042052     1.42036841
             0.2250000000   1.0000000000   0.0000000000
    -0.85268756    -0.85266073     1.05136199     1.05134298     1.42213783     1.42211431
             0.2000000000   1.0000000000   0.0000000000
    -0.94148582    -0.94150801     1.04217243     1.04214642     1.42484580     1.42488149
             0.1750000000   1.0000000000   0.0000000000
    -1.02907762    -1.02905275     1.03292934     1.03293456     1.42873558     1.42872059
             0.1500000000   1.0000000000   0.0000000000
    -1.11263314    -1.11264872     1.02355995     1.02356644     1.43369688     1.43367706
             0.1250000000   1.0000000000   0.0000000000
    -1.18937802    -1.18943067     1.01411908     1.01414657     1.43960081     1.43958544
             0.1000000000   1.0000000000   0.0000000000
    -1.25662923    -1.25663341     1.00492488     1.00489667     1.44614499     1.44612985
             0.0750000000   1.0000000000   0.0000000000
    -1.31184110    -1.31184618     0.99637850     0.99637353     1.45264477     1.45265531
             0.0500000000   1.0000000000   0.0000000000
    -1.35292586    -1.35293113     0.98933947     0.98932963     1.45836323     1.45841838
             0.0250000000   1.0000000000   0.0000000000
    -1.37825998    -1.37826740     0.98457534     0.98458649     1.46232342     1.46230780
             0.0000000000   1.0000000000   0.0000000000
    -1.38681146    -1.38681149     0.98289327     0.98290787     1.46373754     1.46373754
             0.5000000000   0.5000000000   0.5000000000
    -1.60288862    -1.60290107     0.36219980     1.58090382     1.17794207     1.17792785
             0.5062500000   0.5062500000   0.4875000000
    -1.60242517    -1.58981482     0.36243091     1.58053725     1.17814662     1.17813037
             0.5125000000   0.5125000000   0.4750000000
    -1.60101069    -1.55160237     0.36329897     1.57962812     1.17875680     1.17861180
             0.5187500000   0.5187500000   0.4625000000
    -1.59861517    -1.49049624     0.36484431     1.57814410     1.17981921     1.17944818
             0.5250000000   0.5250000000   0.4500000000
    -1.59500411    -1.41005050     0.36693404     1.57600482     1.18134934     1.18061791
             0.5312500000   0.5312500000   0.4375000000
    -1.59026104    -1.31457347     0.36971422     1.57319433     1.18327714     1.18212050
             0.5375000000   0.5375000000   0.4250000000
    -1.58388486    -1.20866894     0.37324415     1.56978968     1.18564181     1.18399054
             0.5437500000   0.5437500000   0.4125000000
    -1.57604597    -1.09663856     0.37763568     1.56581292     1.18841133     1.18611887
             0.5500000000   0.5500000000   0.4000000000
    -1.56637103    -0.98238994     0.38276714     1.56107521     1.19157016     1.18859393
             0.5562500000   0.5562500000   0.3875000000
    -1.55481752    -0.86929703     0.38900415     1.55581809     1.19527084     1.19131098
             0.5625000000   0.5625000000   0.3750000000
    -1.54118201    -0.75988691     0.39628275     1.54986977     1.19929247     1.19426843
             0.5687500000   0.5687500000   0.3625000000
    -1.52554200    -0.65617688     0.40474370     1.54321928     1.20370394     1.19753407
             0.5750000000   0.5750000000   0.3500000000
    -1.50785018    -0.55941759     0.41445601     1.53581591     1.20854227     1.20100424
             0.5812500000   0.5812500000   0.3375000000
    -1.48818337    -0.47058084     0.42568848     1.52794776     1.21380847     1.20473281
             0.5875000000   0.5875000000   0.3250000000
    -1.46668159    -0.39014518     0.43846221     1.51931875     1.21944679     1.20875647
             0.5937500000   0.5937500000   0.3125000000
    -1.44353281    -0.31835299     0.45288873     1.51008812     1.22550874     1.21294564
             0.6000000000   0.6000000000   0.3000000000
    -1.41904144    -0.25531640     0.46924366     1.50021128     1.23187650     1.21738909
             0.6062500000   0.6062500000   0.2875000000
    -1.39348179    -0.20093487     0.48759366     1.48984019     1.23862340     1.22195772
             0.6125000000   0.6125000000   0.2750000000
    -1.36721765    -0.15506307     0.50811575     1.47891362     1.24572260     1.22675012
             0.6187500000   0.6187500000   0.2625000000
    -1.34062991    -0.11756256     0.53102296     1.46749431     1.25303349     1.23172094
             0.6250000000   0.6250000000   0.2500000000
    -1.31414185    -0.08807865     0.55640583     1.45556108     1.26067548     1.23679971
             0.6312500000   0.6312500000   0.2375000000
    -1.28801674    -0.06646362     0.58447554     1.44319818     1.26853595     1.24207396
             0.6375000000   0.6375000000   0.2250000000
    -1.26260188    -0.05240779     0.61521378     1.43047522     1.27660603     1.24743954
             0.6437500000   0.6437500000   0.2125000000
    -1.23832472    -0.04563138     0.64868518     1.41739717     1.28486214     1.25290670
             0.6500000000   0.6500000000   0.2000000000
    -1.21537761    -0.04556715     0.68467154     1.40401169     1.29317677     1.25844806
             0.6562500000   0.6562500000   0.1875000000
    -1.19413670    -0.05164769     0.72288048     1.39037820     1.30164864     1.26407184
             0.6625000000   0.6625000000   0.1750000000
    -1.17472290    -0.06305975     0.76281985     1.37654454     1.31011683     1.26970639
             0.6687500000   0.6687500000   0.1625000000
    -1.15732367    -0.07900359     0.80365009     1.36249402     1.31848362     1.27527803
             0.6750000000   0.6750000000   0.1500000000
    -1.14212345    -0.09810092     0.84448396     1.34836200     1.32679397     1.28090558
             0.6812500000   0.6812500000   0.1375000000
    -1.12928063    -0.11927496     0.88414107     1.33417949     1.33496749     1.28645470
             0.6875000000   0.6875000000   0.1250000000
    -1.11881443    -0.14126790     0.92157524     1.31998975     1.34290921     1.29185624
             0.6937500000   0.6937500000   0.1125000000
    -1.11077766    -0.16299746     0.95572565     1.30584374     1.35062805     1.29718179
             0.7000000000   0.7000000000   0.1000000000
    -1.10514909    -0.18361693     0.98577688     1.29191541     1.35795830     1.30236842
             0.7062500000   0.7062500000   0.0875000000
    -1.10209745    -0.20259064     1.01135015     1.27825256     1.36495916     1.30735608
             0.7125000000   0.7125000000   0.0750000000
    -1.10145087    -0.21990644     1.03214087     1.26509219     1.37153159     1.31207286
             0.7187500000   0.7187500000   0.0625000000
    -1.10317606    -0.23550366     1.04821332     1.25255509     1.37762789     1.31658692
             0.7250000000   0.7250000000   0.0500000000
    -1.10726740    -0.24974099     1.05963171     1.24107023     1.38336877     1.32073176
             0.7312500000   0.7312500000   0.0375000000
    -1.11357725    -0.26301898     1.06639661     1.23115809     1.38850233     1.32455578
             0.7375000000   0.7375000000   0.0250000000
    -1.12201895    -0.27571419     1.06823968     1.22359350     1.39313537     1.32805295
             0.7437500000   0.7437500000   0.0125000000
    -1.13257038    -0.28829877     1.06542993     1.21872171     1.39732080     1.33103385
             0.7500000000   0.7500000000   0.0000000000
    -1.14494325    -0.30105431     1.06244482     1.21260650     1.40088182     1.33360858
             0.7416666667   0.7583333333   0.0000000000
    -1.14162575    -0.30088927     1.06240081     1.21250431     1.40094006     1.33377137
             0.7333333333   0.7666666667   0.0000000000
    -1.13162886    -0.30050420     1.06229143     1.21240777     1.40113819     1.33461311
             0.7250000000   0.7750000000   0.0000000000
    -1.11534915    -0.29992072     1.06212285     1.21214152     1.40143411     1.33584320
             0.7166666667   0.7833333333   0.0000000000
    -1.09310044    -0.29906968     1.06199956     1.21178328     1.40184941     1.33763356
             0.7083333333   0.7916666667   0.0000000000
    -1.06545741    -0.29799949     1.06175897     1.21135141     1.40237337     1.33990391
             0.7000000000   0.8000000000   0.0000000000
    -1.03303011    -0.29669640     1.06160264     1.21072725     1.40297546     1.34256127
             0.6916666667   0.8083333333   0.0000000000
    -0.99662600    -0.29524808     1.06143470     1.21004990     1.40368256     1.34564540
             0.6833333333   0.8166666667   0.0000000000
    -0.95686494    -0.29371592     1.06142914     1.20919568     1.40453685     1.34911977
             0.6750000000   0.8250000000   0.0000000000
    -0.91471610    -0.29199926     1.06143050     1.20825882     1.40539138     1.35293574
             0.6666666667   0.8333333333   0.0000000000
    -0.87089493    -0.29024876     1.06167501     1.20711532     1.40640850     1.35705470
             0.6583333333   0.8416666667   0.0000000000
    -0.82596570    -0.28846891     1.06208462     1.20588914     1.40746392     1.36145880
             0.6500000000   0.8500000000   0.0000000000
    -0.78087026    -0.28663373     1.06279250     1.20446992     1.40852289     1.36599268
             0.6416666667   0.8583333333   0.0000000000
    -0.73607469    -0.28487213     1.06379141     1.20282749     1.40971325     1.37075878
             0.6333333333   0.8666666667   0.0000000000
    -0.69216127    -0.28317063     1.06520151     1.20108690     1.41087421     1.37555671
             0.6250000000   0.8750000000   0.0000000000
    -0.64969899    -0.28164461     1.06700175     1.19909739     1.41207930     1.38047572
             0.6166666667   0.8833333333   0.0000000000
    -0.60896989    -0.28028302     1.06930174     1.19695668     1.41333468     1.38534538
             0.6083333333   0.8916666667   0.0000000000
    -0.57029467    -0.27904863     1.07200950     1.19455870     1.41451197     1.39012562
             0.6000000000   0.9000000000   0.0000000000
    -0.53411797    -0.27818974     1.07529958     1.19195747     1.41573534     1.39481102
             0.5916666667   0.9083333333   0.0000000000
    -0.50039439    -0.27755566     1.07916326     1.18912783     1.41696707     1.39930893
             0.5833333333   0.9166666667   0.0000000000
    -0.46944797    -0.27736957     1.08349017     1.18613358     1.41800587     1.40355254
             0.5750000000   0.9250000000   0.0000000000
    -0.44130089    -0.27745937     1.08839833     1.18283306     1.41913724     1.40751837
             0.5666666667   0.9333333333   0.0000000000
    -0.41584667    -0.27808302     1.09373477     1.17931232     1.42016571     1.41118153
             0.5583333333   0.9416666667   0.0000000000
    -0.39322125    -0.27911113     1.09951486     1.17551025     1.42116249     1.41449759
             0.5500000000   0.9500000000   0.0000000000
    -0.37332778    -0.28068922     1.10564840     1.17150051     1.42204714     1.41741064
             0.5416666667   0.9583333333   0.0000000000
    -0.35599052    -0.28280728     1.11201052     1.16730563     1.42283846     1.41986303
             0.5333333333   0.9666666667   0.0000000000
    -0.34105933    -0.28552216     1.11849285     1.16278858     1.42354809     1.42188959
             0.5250000000   0.9750000000   0.0000000000
    -0.32854775    -0.28887370     1.12492169     1.15820119     1.42413876     1.42350033
             0.5166666667   0.9833333333   0.0000000000
    -0.31811519    -0.29288245     1.13119023     1.15324527     1.42457829     1.42453240
             0.5083333333   0.9916666667   0.0000000000
    -0.30969058    -0.29761468     1.13722658     1.14811615     1.42498428     1.42510099
             0.5000000000   1.0000000000   0.0000000000
    -0.30301915    -0.30300971     1.14281416     1.14287426     1.42517022     1.42514813
