 &plot nbnd=  12, nks=   258 /
            0.000000  0.000000  0.000000
    -5.8839668     6.0515667     6.0515667     6.0515667     8.6143735     8.6143735     8.6143735     9.3383469
    13.7636726    13.8366877    13.8366877    17.2150344
            0.000000  0.025000  0.000000
    -5.8812434     6.0327037     6.0395947     6.0395947     8.6070888     8.6296588     8.6296588     9.3567597
    13.7761454    13.8128267    13.8397028    17.2198119
            0.000000  0.050000  0.000000
    -5.8730267     5.9774152     6.0045448     6.0045448     8.5858743     8.6746440     8.6746440     9.4105140
    13.7434710    13.8134009    13.8487481    17.2341412
            0.000000  0.075000  0.000000
    -5.8593345     5.8892022     5.9487705     5.9487705     8.5512789     8.7469631     8.7469631     9.4955306
    13.6346554    13.8638229    13.8747234    17.2580124
            0.000000  0.100000  0.000000
    -5.8401715     5.7728222     5.8755211     5.8755211     8.5043478     8.8433452     8.8433452     9.6059925
    13.4947575    13.8849263    13.9590371    17.2914078
            0.000000  0.125000  0.000000
    -5.8155440     5.6333092     5.7883088     5.7883088     8.4463975     8.9602492     8.9602492     9.7351551
    13.3331276    13.9120571    14.0649819    17.3343001
            0.000000  0.150000  0.000000
    -5.7854602     5.4753041     5.6904501     5.6904501     8.3789072     9.0943222     9.0943222     9.8757291
    13.1593895    13.9452137    14.1910202    17.3866494
            0.000000  0.175000  0.000000
    -5.7499305     5.3027464     5.5848329     5.5848329     8.3034203     9.2426333     9.2426333    10.0197298
    12.9834900    13.9843940    14.3355345    17.4483998
            0.000000  0.200000  0.000000
    -5.7089667     5.1188194     5.4738532     5.4738532     8.2214641     9.4027379     9.4027379    10.1578625
    12.8163262    14.0295955    14.4969057    17.5194741
            0.000000  0.225000  0.000000
    -5.6626043     4.9258604     5.3593097     5.3593097     8.1341075     9.5719035     9.5719035    10.2786740
    12.6692763    14.0808156    14.6734238    17.5994723
            0.000000  0.250000  0.000000
    -5.6108176     4.7261372     5.2430269     5.2430269     8.0434495     9.7499591     9.7499591    10.3682947
    12.5599946    14.1380511    14.8638752    17.6888127
            0.000000  0.275000  0.000000
    -5.5536453     4.5208591     5.1260776     5.1260776     7.9503440     9.9347502     9.9347502    10.4120087
    12.4980110    14.2012830    15.0667484    17.7870253
            0.000000  0.300000  0.000000
    -5.4911075     4.3114126     5.0094486     5.0094486     7.8558829    10.1255972    10.1255972    10.3997064
    12.5034794    14.2705374    15.2807549    17.8938715
            0.000000  0.325000  0.000000
    -5.4232269     4.0985735     4.8939139     4.8939139     7.7610326    10.3214895    10.3214895    10.3313013
    12.5722873    14.3457951    15.5046919    18.0090002
            0.000000  0.350000  0.000000
    -5.3499410     3.8831596     4.7802100     4.7802100     7.6663611    10.2173795    10.5212272    10.5212272
    12.6962700    14.4271536    15.7375752    18.1332149
            0.000000  0.375000  0.000000
    -5.2714587     3.6654630     4.6686194     4.6686194     7.5731669    10.0690318    10.7252222    10.7252222
    12.8604604    14.5144007    15.9780307    18.2634222
            0.000000  0.400000  0.000000
    -5.1877151     3.4460586     4.5596803     4.5596803     7.4818314     9.8990763    10.9325401    10.9325401
    13.0544473    14.6076351    16.2251284    18.4000217
            0.000000  0.425000  0.000000
    -5.0987426     3.2253049     4.4537389     4.4537389     7.3929252     9.7164321    11.1427909    11.1427909
    13.2694447    14.7068503    16.4777934    18.5418892
            0.000000  0.450000  0.000000
    -5.0045762     3.0035016     4.3510839     4.3510839     7.3069486     9.5273253    11.3556491    11.3556491
    13.4992862    14.8120396    16.7349092    18.6874814
            0.000000  0.475000  0.000000
    -4.9052536     2.7809054     4.2519583     4.2519583     7.2243417     9.3360242    11.5708422    11.5708422
    13.7396962    14.9231956    16.9952796    18.8346594
            0.000000  0.500000  0.000000
    -4.8007025     2.5580946     4.1574564     4.1574564     7.1458250     9.1454902    11.7883301    11.7883301
    13.9877152    15.0407925    17.2576218    18.9818088
            0.000000  0.525000  0.000000
    -4.6912004     2.3345537     4.0659031     4.0659031     7.0703653     8.9577442    12.0074333    12.0074333
    14.2410276    15.1638513    17.5194421    19.1210576
            0.000000  0.550000  0.000000
    -4.5767142     2.1106336     3.9782860     3.9782860     6.9988864     8.7738225    12.2262519    12.2262519
    14.4977567    15.2918964    17.7808408    19.2497604
            0.000000  0.575000  0.000000
    -4.4572946     1.8865052     3.8949276     3.8949276     6.9329616     8.5957659    12.4471556    12.4471556
    14.7564574    15.4245468    18.0387980    19.3581277
            0.000000  0.600000  0.000000
    -4.3328822     1.6630193     3.8159507     3.8159507     6.8721863     8.4238971    12.6711875    12.6711875
    15.0172506    15.5653433    18.2909917    19.4382516
            0.000000  0.625000  0.000000
    -4.2036089     1.4399192     3.7413791     3.7413791     6.8165716     8.2587724    12.8966521    12.8966521
    15.2785686    15.7120471    18.5343356    19.4784822
            0.000000  0.650000  0.000000
    -4.0693143     1.2174122     3.6717520     3.6717520     6.7663246     8.1008715    13.1238401    13.1238401
    15.5399350    15.8646459    18.7652749    19.4767493
            0.000000  0.675000  0.000000
    -3.9305259     0.9956299     3.6062092     3.6062092     6.7216361     7.9504122    13.3519198    13.3519198
    15.8001657    16.0231265    18.9794113    19.4161086
            0.000000  0.700000  0.000000
    -3.7870752     0.7747853     3.5453006     3.5453006     6.6826836     7.8076680    13.5811923    13.5811923
    16.0589533    16.1874750    19.1719345    19.3065724
            0.000000  0.725000  0.000000
    -3.6390376     0.5550658     3.4890833     3.4890833     6.6495744     7.6727944    13.8112649    13.8112649
    16.3157678    16.3576763    19.1526404    19.1526404
            0.000000  0.750000  0.000000
    -3.4863229     0.3367519     3.4381651     3.4381651     6.6230144     7.5461477    14.0434292    14.0434292
    16.5385687    16.5707197    18.9760169    18.9760169
            0.000000  0.775000  0.000000
    -3.3293621     0.1198430     3.3914471     3.3914471     6.6022187     7.4272704    14.2755964    14.2755964
    16.7204095    16.8221148    18.7730842    18.7730842
            0.000000  0.800000  0.000000
    -3.1680704    -0.0953734     3.3495551     3.3495551     6.5877693     7.3164396    14.5082681    14.5082681
    16.9080527    17.0700764    18.5553172    18.5553172
            0.000000  0.825000  0.000000
    -3.0025439    -0.3087095     3.3125224     3.3125224     6.5798013     7.2136467    14.7410011    14.7410011
    17.1014786    17.3141000    18.3282025    18.3282025
            0.000000  0.850000  0.000000
    -2.8328869    -0.5201358     3.2802635     3.2802635     6.5780478     7.1187637    14.9709745    14.9709745
    17.3001458    17.5522582    18.0915206    18.0915206
            0.000000  0.875000  0.000000
    -2.6591463    -0.7291029     3.2530437     3.2530437     6.5834762     7.0325773    15.2011498    15.2011498
    17.5050524    17.7868763    17.8581782    17.8581782
            0.000000  0.900000  0.000000
    -2.4812950    -0.9356726     3.2311583     3.2311583     6.5957433     6.9537940    15.4271123    15.4271123
    17.6335097    17.6335097    17.7156732    18.0158797
            0.000000  0.925000  0.000000
    -2.2999257    -1.1396804     3.2137689     3.2137689     6.6149572     6.8826320    15.6441401    15.6441401
    17.4115830    17.4115830    17.9319805    18.2376701
            0.000000  0.950000  0.000000
    -2.1148911    -1.3408547     3.2013499     3.2013499     6.6412703     6.8197622    15.8427790    15.8427790
    17.2105298    17.2105298    18.1546863    18.4518465
            0.000000  0.975000  0.000000
    -1.9263240    -1.5391568     3.1938873     3.1938873     6.6747973     6.7639367    15.9969831    15.9969831
    17.0536947    17.0536947    18.3822729    18.6564570
            0.000000  1.000000  0.000000
    -1.7343639    -1.7343639     3.1913992     3.1913992     6.7156500     6.7156500    16.0598970    16.0598970
    16.9898698    16.9898698    18.6154556    18.6154556
            1.000000  1.000000  0.000000
    -1.7343639    -1.7343639     3.1913992     3.1913992     6.7156500     6.7156500    16.0598970    16.0598970
    16.9898698    16.9898698    18.6154556    18.6154556
            0.983333  0.983333  0.000000
    -1.7352922    -1.7317443     3.1742408     3.1933650     6.7179191     6.7407356    16.0340426    16.0449118
    16.9480509    16.9604880    18.6428942    18.6441554
            0.966667  0.966667  0.000000
    -1.7381300    -1.7238859     3.1243759     3.1992597     6.7247239     6.8144299    15.9596597    16.0009324
    16.8331103    16.8780277    18.7220079    18.7245661
            0.950000  0.950000  0.000000
    -1.7430354    -1.7107898     3.0461401     3.2090747     6.7360561     6.9325408    15.8446899    15.9306113
    16.6669902    16.7552505    18.8439151    18.8447902
            0.933333  0.933333  0.000000
    -1.7503751    -1.6926180     2.9451774     3.2225182     6.7517646     7.0889894    15.6985486    15.8370079
    16.4671337    16.6045602    18.9851640    18.9975151
            0.916667  0.916667  0.000000
    -1.7603247    -1.6690613     2.8283150     3.2401052     6.7721023     7.2786018    15.5299543    15.7253851
    16.2515189    16.4365098    19.1468818    19.1706897
            0.900000  0.900000  0.000000
    -1.7734374    -1.6400572     2.7011737     3.2615856     6.7969522     7.4955444    15.3456780    15.5992997
    16.0269296    16.2577224    19.2924400    19.3211303
            0.883333  0.883333  0.000000
    -1.7902772    -1.6061030     2.5687725     3.2868547     6.8261854     7.7346100    15.1507192    15.4607801
    15.7958985    16.0717990    19.4238136    19.4978557
            0.866667  0.866667  0.000000
    -1.8117190    -1.5669955     2.4354882     3.3153463     6.8594263     7.9927809    14.9473034    15.3133929
    15.5600281    15.8781434    19.5625970    19.6709648
            0.850000  0.850000  0.000000
    -1.8379881    -1.5223912     2.3054960     3.3481297     6.8974759     8.2674165    14.7411198    15.1608432
    15.3282405    15.6868374    19.7074925    19.8506863
            0.833333  0.833333  0.000000
    -1.8700363    -1.4727318     2.1810506     3.3846445     6.9399650     8.5552507    14.5325992    15.0026454
    15.1003053    15.4953303    19.8558471    20.0303926
            0.816667  0.816667  0.000000
    -1.9087106    -1.4179793     2.0647343     3.4246699     6.9864627     8.8545984    14.3227086    14.8407194
    14.8705349    15.3017587    20.0048357    20.2057807
            0.800000  0.800000  0.000000
    -1.9544786    -1.3579728     1.9588655     3.4683209     7.0371438     9.1639014    14.1130984    14.6440260
    14.6770110    15.1124920    20.1532949    20.3806342
            0.783333  0.783333  0.000000
    -2.0079926    -1.2927860     1.8650171     3.5154593     7.0919089     9.4817736    13.9044076    14.4211938
    14.5122693    14.9255845    20.2983676    20.5528935
            0.766667  0.766667  0.000000
    -2.0696598    -1.2224295     1.7844595     3.5660001     7.1506643     9.8069699    13.6972780    14.2026284
    14.3473398    14.7416212    20.4358432    20.7223432
            0.750000  0.750000  0.000000
    -2.1395877    -1.1468906     1.7182204     3.6199322     7.2133576    10.1387340    13.4939491    13.9900226
    14.1833775    14.5634075    20.5577109    20.9018488
            0.725000  0.725000  0.000000
    -2.2602389    -1.0239786     1.6462918     3.7065555     7.3143148    10.6432972    13.1907512    13.6806018
    13.9390660    14.2982797    20.6644147    21.1455255
            0.700000  0.700000  0.000000
    -2.3985625    -0.8895347     1.6080155     3.8000924     7.4232538    11.1526064    12.8948142    13.3897586
    13.6991741    14.0447513    20.5875149    21.2292978
            0.675000  0.675000  0.000000
    -2.5525755    -0.7436152     1.6020445     3.8999699     7.5395737    11.6470397    12.6060174    13.1331558
    13.4652633    13.8024700    20.3662351    20.9357073
            0.650000  0.650000  0.000000
    -2.7195669    -0.5862808     1.6266130     4.0056564     7.6625510    12.0599114    12.3253250    12.9763083
    13.2387700    13.5725205    20.1009284    20.6502523
            0.625000  0.625000  0.000000
    -2.8965222    -0.4176002     1.6792524     4.1165452     7.7913000    12.0532433    12.1824126    13.0210667
    13.1256851    13.3559449    19.8275792    20.3768108
            0.600000  0.600000  0.000000
    -3.0805147    -0.2379764     1.7571279     4.2319272     7.9246552    11.7901634    12.0325247    12.8132046
    13.1535437    13.5585080    19.5564108    20.1184183
            0.575000  0.575000  0.000000
    -3.2685546    -0.0468426     1.8580851     4.3510634     8.0614922    11.5364567    11.8133025    12.6177283
    12.9668123    14.0711836    19.2918096    19.8795421
            0.550000  0.550000  0.000000
    -3.4582460     0.1553381     1.9794978     4.4730435     8.1999346    11.2923810    11.5809498    12.4346005
    12.7964075    14.5980329    19.0340306    19.6656665
            0.525000  0.525000  0.000000
    -3.6475968     0.3683459     2.1192716     4.5965996     8.3375852    11.0580413    11.3494591    12.2664976
    12.6426513    15.1145927    18.7771475    19.4852712
            0.500000  0.500000  0.000000
    -3.8344532     0.5925107     2.2755274     4.7213395     8.4730463    10.8338997    11.1248356    12.1153138
    12.5086793    15.5992113    18.5191944    19.1456744
            0.475000  0.475000  0.000000
    -4.0174724     0.8273876     2.4466104     4.8457883     8.6028028    10.6200322    10.9084106    11.9829028
    12.3946714    16.0246295    18.2168576    18.6475915
            0.450000  0.450000  0.000000
    -4.1955130     1.0722948     2.6307654     4.9686675     8.7234641    10.4164611    10.7001343    11.8713492
    12.3012193    16.3504583    17.7857627    18.2948793
            0.425000  0.425000  0.000000
    -4.3673462     1.3277816     2.8269683     5.0888526     8.8315636    10.2234171    10.5012334    11.7826416
    12.2302183    16.5490070    17.2675151    18.0557896
            0.400000  0.400000  0.000000
    -4.5321748     1.5933844     3.0339957     5.2053636     8.9242103    10.0425333    10.3123920    11.7177732
    12.1839921    16.6152957    16.7332405    17.8614601
            0.375000  0.375000  0.000000
    -4.6894797     1.8685782     3.2494106     5.3162542     8.9972052     9.8704551    10.1319912    11.6759184
    12.1580279    16.2060869    16.5729476    17.6911480
            0.350000  0.350000  0.000000
    -4.8384106     2.1534763     3.4731659     5.4208950     9.0501817     9.7094255     9.9618280    11.6537780
    12.1603531    15.6981519    16.4555245    17.5410572
            0.325000  0.325000  0.000000
    -4.9785837     2.4474308     3.7033379     5.5181431     9.0820154     9.5592516     9.8013697    11.6434696
    12.1868889    15.2173051    16.2861034    17.4091156
            0.300000  0.300000  0.000000
    -5.1096925     2.7493790     3.9377515     5.6068645     9.0947233     9.4198590     9.6499753    11.6320578
    12.2382718    14.7737200    16.0799433    17.2954634
            0.275000  0.275000  0.000000
    -5.2312006     3.0597280     4.1757807     5.6872842     9.0913547     9.2915599     9.5080396    11.6007062
    12.3155130    14.3856237    15.8476164    17.2006287
            0.250000  0.250000  0.000000
    -5.3428929     3.3773262     4.4148603     5.7587829     9.0756555     9.1743736     9.3767751    11.5266601
    12.4202703    14.0722361    15.5970773    17.1265195
            0.225000  0.225000  0.000000
    -5.4446523     3.7002225     4.6519226     5.8211743     9.0497943     9.0681334     9.2526274    11.3860939
    12.5442592    13.8458164    15.3354513    17.0712480
            0.200000  0.200000  0.000000
    -5.5360900     4.0279273     4.8853489     5.8748872     8.9730221     9.0177693     9.1386259    11.1736249
    12.6914913    13.7159294    15.0708882    17.0370742
            0.175000  0.175000  0.000000
    -5.6171306     4.3574002     5.1111858     5.9202312     8.8890157     8.9809017     9.0320206    10.8994512
    12.8544432    13.6623831    14.8113470    17.0236284
            0.150000  0.150000  0.000000
    -5.6876007     4.6858928     5.3254122     5.9577676     8.8161737     8.9354352     8.9406803    10.5889444
    13.0312047    13.6628323    14.5651884    17.0302100
            0.125000  0.125000  0.000000
    -5.7474300     5.0077924     5.5231397     5.9880939     8.7544925     8.8473408     8.8961106    10.2671124
    13.2145858    13.6919288    14.3399538    17.0541202
            0.100000  0.100000  0.000000
    -5.7965016     5.3155667     5.6987212     6.0118543     8.7040057     8.7700344     8.8450011     9.9597138
    13.3967197    13.7329605    14.1433456    17.0910072
            0.075000  0.075000  0.000000
    -5.8347417     5.5967491     5.8457533     6.0296397     8.6647281     8.7054278     8.7833330     9.6931263
    13.5660232    13.7740203    13.9822017    17.1341527
            0.050000  0.050000  0.000000
    -5.8620943     5.8318336     5.9574814     6.0419550     8.6366711     8.6561085     8.7106637     9.4935028
    13.7072624    13.8075897    13.8624123    17.1749575
            0.025000  0.025000  0.000000
    -5.8785206     5.9932205     6.0276189     6.0491841     8.6198428     8.6249376     8.6431675     9.3759816
    13.7885730    13.8027083    13.8292390    17.2043208
            0.000000  0.000000  0.000000
    -5.8839668     6.0515667     6.0515667     6.0515667     8.6143735     8.6143735     8.6143735     9.3383469
    13.7636726    13.8366877    13.8366877    17.2150344
            0.012500  0.012500  0.012500
    -5.8819594     6.0266874     6.0479703     6.0479703     8.6194691     8.6194691     8.6210903     9.3523844
    13.7729756    13.8288416    13.8288416    17.2055510
            0.025000  0.025000  0.025000
    -5.8757982     5.9544502     6.0372941     6.0372941     8.6350083     8.6350083     8.6379322     9.3958623
    13.8009547    13.8058158    13.8058158    17.1776828
            0.037500  0.037500  0.037500
    -5.8655329     5.8410540     6.0198656     6.0198656     8.6561527     8.6604361     8.6604361     9.4714432
    13.7690584    13.7690584    13.8470952    17.1330880
            0.050000  0.050000  0.050000
    -5.8511699     5.6943324     5.9961926     5.9961926     8.6674628     8.6950721     8.6950721     9.5799662
    13.7207223    13.7207223    13.9106469    17.0742732
            0.062500  0.062500  0.062500
    -5.8327182     5.5218873     5.9669166     5.9669166     8.6675667     8.7380298     8.7380298     9.7186277
    13.6633778    13.6633778    13.9905385    17.0043232
            0.075000  0.075000  0.075000
    -5.8101897     5.3301537     5.9327600     5.9327600     8.6560497     8.7882648     8.7882648     9.8820011
    13.5997522    13.5997522    14.0853361    16.9266820
            0.087500  0.087500  0.087500
    -5.7835993     5.1242050     5.8944784     5.8944784     8.6344462     8.8446189     8.8446189    10.0641359
    13.5325433    13.5325433    14.1931635    16.8450509
            0.100000  0.100000  0.100000
    -5.7529649     4.9079130     5.8528208     5.8528208     8.6047486     8.9058559     8.9058559    10.2598632
    13.4643130    13.4643130    14.3115596    16.7634321
            0.112500  0.112500  0.112500
    -5.7183083     4.6842037     5.8085014     5.8085014     8.5687823     8.9706869     8.9706869    10.4651426
    13.3974445    13.3974445    14.4372497    16.6863260
            0.125000  0.125000  0.125000
    -5.6796718     4.4550987     5.7621808     5.7621808     8.5273275     9.0377714     9.0377714    10.6761961
    13.3338170    13.3338170    14.5656684    16.6184197
            0.137500  0.137500  0.137500
    -5.6370514     4.2227081     5.7144574     5.7144574     8.4830691     9.1057954     9.1057954    10.8922518
    13.2761282    13.2761282    14.6911455    16.5675567
            0.150000  0.150000  0.150000
    -5.5905060     3.9880630     5.6658617     5.6658617     8.4354206     9.1733889     9.1733889    11.1096074
    13.2257392    13.2257392    14.8057451    16.5412938
            0.162500  0.162500  0.162500
    -5.5400599     3.7523729     5.6168654     5.6168654     8.3868855     9.2392219     9.2392219    11.3296033
    13.1848050    13.1848050    14.9006380    16.5488127
            0.175000  0.175000  0.175000
    -5.4857666     3.5164093     5.5678745     5.5678745     8.3373044     9.3019857     9.3019857    11.5500277
    13.1547606    13.1547606    14.9676824    16.5983029
            0.187500  0.187500  0.187500
    -5.4276791     3.2808726     5.5192417     5.5192417     8.2872426     9.3604527     9.3604527    11.7700911
    13.1370889    13.1370889    15.0028417    16.6938037
            0.200000  0.200000  0.200000
    -5.3658314     3.0471604     5.4712711     5.4712711     8.2373391     9.4135229     9.4135229    11.9890935
    13.1332626    13.1332626    15.0080841    16.8335007
            0.212500  0.212500  0.212500
    -5.3003526     2.8139622     5.4241632     5.4241632     8.1876339     9.4601085     9.4601085    12.2055411
    13.1406988    13.1406988    14.9893343    17.0106288
            0.225000  0.225000  0.225000
    -5.2312016     2.5829093     5.3785337     5.3785337     8.1387551     9.4998061     9.4998061    12.4203985
    13.1677553    13.1677553    14.9546808    17.2198220
            0.237500  0.237500  0.237500
    -5.1587053     2.3539889     5.3336680     5.3336680     8.0907643     9.5312091     9.5312091    12.6312815
    13.2085081    13.2085081    14.9108057    17.4504112
            0.250000  0.250000  0.250000
    -5.0827952     2.1280265     5.2905670     5.2905670     8.0441151     9.5558720     9.5558720    12.8370675
    13.2671560    13.2671560    14.8646523    17.6982033
            0.262500  0.262500  0.262500
    -5.0036433     1.9051693     5.2490924     5.2490924     7.9989455     9.5730943     9.5730943    13.0353739
    13.3420136    13.3420136    14.8217585    17.9583559
            0.275000  0.275000  0.275000
    -4.9213590     1.6860467     5.2093889     5.2093889     7.9554787     9.5834460     9.5834460    13.2227464
    13.4350332    13.4350332    14.7881535    18.2266430
            0.287500  0.287500  0.287500
    -4.8362193     1.4704337     5.1714920     5.1714920     7.9137728     9.5872321     9.5872321    13.3937971
    13.5409698    13.5409698    14.7708752    18.4989296
            0.300000  0.300000  0.300000
    -4.7483925     1.2589899     5.1355126     5.1355126     7.8740038     9.5853873     9.5853873    13.5412800
    13.6613749    13.6613749    14.7785236    18.7706280
            0.312500  0.312500  0.312500
    -4.6581398     1.0521048     5.1015178     5.1015178     7.8362805     9.5787731     9.5787731    13.6570827
    13.7953792    13.7953792    14.8201396    19.0360150
            0.325000  0.325000  0.325000
    -4.5656711     0.8508512     5.0696416     5.0696416     7.8007184     9.5682852     9.5682852    13.7360049
    13.9423577    13.9423577    14.9025947    19.2881117
            0.337500  0.337500  0.337500
    -4.4715348     0.6543871     5.0402006     5.0402006     7.7673721     9.5548955     9.5548955    13.7795500
    14.1008096    14.1008096    15.0228059    19.5142224
            0.350000  0.350000  0.350000
    -4.3761968     0.4639219     5.0123909     5.0123909     7.7361254     9.5390774     9.5390774    13.7950888
    14.2692225    14.2692225    15.1745902    19.7006054
            0.362500  0.362500  0.362500
    -4.2801693     0.2801480     4.9867734     4.9867734     7.7073733     9.5220929     9.5220929    13.7917822
    14.4484173    14.4484173    15.3489788    19.8312370
            0.375000  0.375000  0.375000
    -4.1842018     0.1037017     4.9628933     4.9628933     7.6803582     9.5024495     9.5024495    13.7769811
    14.6343013    14.6343013    15.5381656    19.7447011
            0.387500  0.387500  0.387500
    -4.0890947    -0.0642719     4.9416317     4.9416317     7.6563781     9.4847583     9.4847583    13.7558847
    14.8309710    14.8309710    15.7366287    19.4714025
            0.400000  0.400000  0.400000
    -3.9959527    -0.2227089     4.9225829     4.9225829     7.6348753     9.4675890     9.4675890    13.7325162
    15.0351584    15.0351584    15.9405864    19.1956599
            0.412500  0.412500  0.412500
    -3.9061140    -0.3702575     4.9057589     4.9057589     7.6158525     9.4514157     9.4514157    13.7088434
    15.2460111    15.2460111    16.1464465    18.9198685
            0.425000  0.425000  0.425000
    -3.8212014    -0.5052568     4.8911685     4.8911685     7.5993314     9.4366416     9.4366416    13.6863861
    15.4625412    15.4625412    16.3510188    18.6459849
            0.437500  0.437500  0.437500
    -3.7431546    -0.6257342     4.8788186     4.8788186     7.5853291     9.4236038     9.4236038    13.6661690
    15.6834436    15.6834436    16.5506133    18.3759288
            0.450000  0.450000  0.450000
    -3.6741612    -0.7294089     4.8688296     4.8688296     7.5733668     9.4128852     9.4128852    13.6489595
    15.9084403    15.9084403    16.7391348    18.1098313
            0.462500  0.462500  0.462500
    -3.6167307    -0.8137605     4.8612206     4.8612206     7.5640511     9.4041415     9.4041415    13.6348989
    16.1330620    16.1330620    16.9092269    17.8589026
            0.475000  0.475000  0.475000
    -3.5734596    -0.8763746     4.8555868     4.8555868     7.5576532     9.3977360     9.3977360    13.6248107
    16.3452966    16.3452966    17.0523037    17.6238182
            0.487500  0.487500  0.487500
    -3.5464588    -0.9149858     4.8522059     4.8522059     7.5538122     9.3938466     9.3938466    13.6186791
    16.5234472    16.5234472    17.1502221    17.4319239
            0.500000  0.500000  0.500000
    -3.5372726    -0.9280430     4.8510789     4.8510789     7.5525316     9.3925424     9.3925424    13.6166224
    16.6028722    16.6028722    17.1855787    17.3479123
            0.500000  0.512500  0.487500
    -3.5359069    -0.9272801     4.8377323     4.8484954     7.5648902     9.3898546     9.3978950    13.6232828
    16.5378588    16.5858934    17.2300288    17.3567833
            0.500000  0.525000  0.475000
    -3.5318105    -0.9249975     4.7985546     4.8407454     7.6009844     9.3819209     9.4140769    13.6429941
    16.3905143    16.5382327    17.2798170    17.3807381
            0.500000  0.537500  0.462500
    -3.5249851    -0.9212141     4.7359015     4.8278296     7.6581033     9.3691192     9.4414558    13.6749445
    16.2126967    16.4674304    17.2982887    17.4140410
            0.500000  0.550000  0.450000
    -3.5154636    -0.9160563     4.6529438     4.8096362     7.7323669     9.3518160     9.4804574    13.7177070
    16.0214472    16.3808987    17.3091654    17.4512155
            0.500000  0.562500  0.437500
    -3.5031518    -0.9093798     4.5540025     4.7865040     7.8195172     9.3316529     9.5329156    13.7695333
    15.8290961    16.2875731    17.3196671    17.4903826
            0.500000  0.575000  0.425000
    -3.4881969    -0.9014455     4.4413097     4.7581237     7.9150019     9.3081620     9.5980105    13.8274651
    15.6346020    16.1894431    17.3308438    17.5269359
            0.500000  0.587500  0.412500
    -3.4704640    -0.8921206     4.3191275     4.7248854     8.0151323     9.2841554     9.6776289    13.8886207
    15.4416912    16.0962925    17.3437722    17.5647924
            0.500000  0.600000  0.400000
    -3.4500822    -0.8816203     4.1892553     4.6862854     8.1163118     9.2584047     9.7720510    13.9483900
    15.2491057    16.0101405    17.3578230    17.6010448
            0.500000  0.612500  0.387500
    -3.4269890    -0.8700115     4.0541950     4.6427892     8.2162740     9.2329370     9.8824455    14.0018723
    15.0586668    15.9378433    17.3736325    17.6381674
            0.500000  0.625000  0.375000
    -3.4012184    -0.8574439     3.9157270     4.5944016     8.3127749     9.2085077    10.0085954    14.0432595
    14.8700379    15.8842463    17.3910041    17.6755231
            0.500000  0.637500  0.362500
    -3.3727786    -0.8440701     3.7753433     4.5412476     8.4050213     9.1859407    10.1501455    14.0667740
    14.6834898    15.8547542    17.4100454    17.7145958
            0.500000  0.650000  0.350000
    -3.3417054    -0.8300701     3.6341938     4.4834630     8.4925201     9.1651068    10.3055971    14.0677152
    14.4989644    15.8531355    17.4307360    17.7562151
            0.500000  0.662500  0.337500
    -3.3079071    -0.8155955     3.4936202     4.4214512     8.5761570     9.1482486    10.4755157    14.0444049
    14.3183578    15.8819116    17.4532496    17.8018664
            0.500000  0.675000  0.325000
    -3.2715564    -0.8010010     3.3542527     4.3550396     8.6555450     9.1350215    10.6573950    13.9964706
    14.1387853    15.9372795    17.4772277    17.8513238
            0.500000  0.687500  0.312500
    -3.2326397    -0.7865663     3.2168978     4.2846094     8.7317310     9.1255789    10.8499639    13.9272377
    13.9617157    16.0159340    17.5027959    17.9062242
            0.500000  0.700000  0.300000
    -3.1911104    -0.7724930     3.0825824     4.2105313     8.8055106     9.1207444    11.0523640    13.7872663
    13.8406476    16.1123487    17.5299608    17.9681049
            0.500000  0.712500  0.287500
    -3.1470437    -0.7592651     2.9518993     4.1329111     8.8775460     9.1204335    11.2631287    13.6154743
    13.7404073    16.2185522    17.5585171    18.0365797
            0.500000  0.725000  0.275000
    -3.1004344    -0.7471564     2.8255731     4.0523346     8.9485412     9.1249327    11.4813255    13.4463987
    13.6303676    16.3332617    17.5887753    18.1169266
            0.500000  0.737500  0.262500
    -3.0513294    -0.7366912     2.7043062     3.9689872     9.0190296     9.1342813    11.7059367    13.2800973
    13.5130447    16.4495093    17.6205535    18.2089976
            0.500000  0.750000  0.250000
    -2.9997821    -0.7283756     2.5887299     3.8832040     9.0894695     9.1482489    11.9356695    13.1166089
    13.3903601    16.5628453    17.6538075    18.3142512
            0.500000  0.762500  0.237500
    -2.9457291    -0.7227417     2.4799407     3.7954317     9.1603042     9.1675774    12.1707161    12.9586811
    13.2646449    16.6713102    17.6889575    18.4345416
            0.500000  0.775000  0.225000
    -2.8893019    -0.7204081     2.3781905     3.7062915     9.1917345     9.2328926    12.4102583    12.8013192
    13.1364139    16.7705194    17.7280471    18.5704946
            0.500000  0.787500  0.212500
    -2.8305985    -0.7219748     2.2843709     3.6152510     9.2205645     9.3052669    12.6377103    12.6618959
    13.0065155    16.8584191    17.7659127    18.7215760
            0.500000  0.800000  0.200000
    -2.7696133    -0.7280463     2.1992178     3.5231450     9.2541297     9.3787343    12.4942504    12.8759044
    12.8994488    16.9348315    17.8053693    18.8875535
            0.500000  0.812500  0.187500
    -2.7064128    -0.7392552     2.1233023     3.4303019     9.2922442     9.4533188    12.3451624    12.7450041
    13.1474546    16.9995214    17.8464936    19.0667822
            0.500000  0.825000  0.175000
    -2.6410360    -0.7560177     2.0574388     3.3370959     9.3351277     9.5295100    12.2000513    12.6148671
    13.3975454    17.0528027    17.8899074    19.2588103
            0.500000  0.837500  0.162500
    -2.5735867    -0.7788159     2.0019185     3.2437966     9.3822513     9.6068334    12.0582672    12.4851434
    13.6487958    17.0950663    17.9347814    19.4587306
            0.500000  0.850000  0.150000
    -2.5041523    -0.8079434     1.9570645     3.1507376     9.4331316     9.6853514    11.9199986    12.3564390
    13.9001023    17.1267472    17.9818423    19.6643024
            0.500000  0.862500  0.137500
    -2.4326278    -0.8435107     1.9232244     3.0584900     9.4886850     9.7651867    11.7856673    12.2291698
    14.1523352    17.1494040    18.0314882    19.8710454
            0.500000  0.875000  0.125000
    -2.3593861    -0.8854946     1.9002020     2.9669443     9.5481764     9.8460232    11.6552742    12.1034280
    14.4032180    17.1621014    18.0840416    20.0696959
            0.500000  0.887500  0.112500
    -2.2845449    -0.9337277     1.8878532     2.8765396     9.6113007     9.9274311    11.5293204    11.9793242
    14.6518893    17.1620959    18.1400300    20.2405180
            0.500000  0.900000  0.100000
    -2.2081492    -0.9878131     1.8858429     2.7876495     9.6780744    10.0088783    11.4086377    11.8573969
    14.8979713    17.1521605    18.2002978    20.3347812
            0.500000  0.912500  0.087500
    -2.1303216    -1.0472773     1.8937030     2.7007327     9.7483235    10.0894082    11.2942205    11.7379196
    15.1397957    17.1308714    18.2665905    20.2894760
            0.500000  0.925000  0.075000
    -2.0512899    -1.1115636     1.9108128     2.6158295     9.8213875    10.1671414    11.1878727    11.6210391
    15.3758073    17.0969281    18.3384174    20.1339613
            0.500000  0.937500  0.062500
    -1.9710115    -1.1799800     1.9366730     2.5336408     9.8971866    10.2390714    11.0933540    11.5073522
    15.6045528    17.0495517    18.4183172    19.9386785
            0.500000  0.950000  0.050000
    -1.8901291    -1.2520294     1.9704196     2.4541435     9.9747430    10.2995927    11.0153080    11.3973696
    15.8245180    16.9868889    18.5080228    19.7322289
            0.500000  0.962500  0.037500
    -1.8086907    -1.3270334     2.0114450     2.3777881    10.0532705    10.3396980    10.9628513    11.2920586
    16.0310874    16.9071157    18.6086934    19.5294354
            0.500000  0.975000  0.025000
    -1.7269738    -1.4044422     2.0590421     2.3050395    10.1310530    10.3489995    10.9466030    11.1928800
    16.2211086    16.8086815    18.7222200    19.3367898
            0.500000  0.987500  0.012500
    -1.6453000    -1.4835976     2.1128111     2.2363191    10.2058854    10.3242454    10.9700571    11.1025573
    16.3966251    16.6911411    18.8512172    19.1586201
            0.500000  1.000000  0.000000
    -1.5640371    -1.5640371     2.1720798     2.1720798    10.2729211    10.2729211    11.0256526    11.0256526
    16.5536839    16.5536839    18.9965419    18.9965419
            0.475000  1.000000  0.000000
    -1.5651990    -1.5651990     2.1770984     2.1770984    10.1715603    10.1715603    11.1322610    11.1322610
    16.5535388    16.5535388    18.9944920    18.9944920
            0.450000  1.000000  0.000000
    -1.5686464    -1.5686464     2.1920824     2.1920824     9.9544435     9.9544435    11.3651284    11.3651284
    16.5531177    16.5531177    18.9884266    18.9884266
            0.425000  1.000000  0.000000
    -1.5742658    -1.5742658     2.2168169     2.2168169     9.7031336     9.7031336    11.6427161    11.6427161
    16.5524632    16.5524632    18.9785903    18.9785903
            0.400000  1.000000  0.000000
    -1.5818759    -1.5818759     2.2508651     2.2508651     9.4431909     9.4431909    11.9390336    11.9390336
    16.5516271    16.5516271    18.9644731    18.9644731
            0.375000  1.000000  0.000000
    -1.5912359    -1.5912359     2.2938914     2.2938914     9.1838076     9.1838076    12.2458866    12.2458866
    16.5507629    16.5507629    18.9483382    18.9483382
            0.350000  1.000000  0.000000
    -1.6021583    -1.6021583     2.3450086     2.3450086     8.9282800     8.9282800    12.5591588    12.5591588
    16.5494471    16.5494471    18.9295101    18.9295101
            0.325000  1.000000  0.000000
    -1.6141306    -1.6141306     2.4038159     2.4038159     8.6790598     8.6790598    12.8772649    12.8772649
    16.5489189    16.5489189    18.9092927    18.9092927
            0.300000  1.000000  0.000000
    -1.6270326    -1.6270326     2.4692867     2.4692867     8.4377554     8.4377554    13.1989006    13.1989006
    16.5485228    16.5485228    18.8877377    18.8877377
            0.275000  1.000000  0.000000
    -1.6402742    -1.6402742     2.5402604     2.5402604     8.2050830     8.2050830    13.5220277    13.5220277
    16.5494265    16.5494265    18.8656967    18.8656967
            0.250000  1.000000  0.000000
    -1.6535622    -1.6535622     2.6156883     2.6156883     7.9828102     7.9828102    13.8457921    13.8457921
    16.5540004    16.5540004    18.8445723    18.8445723
            0.225000  1.000000  0.000000
    -1.6667985    -1.6667985     2.6937648     2.6937648     7.7716723     7.7716723    14.1670733    14.1670733
    16.5576989    16.5576989    18.8223663    18.8223663
            0.200000  1.000000  0.000000
    -1.6793909    -1.6793909     2.7734249     2.7734249     7.5743566     7.5743566    14.4861214    14.4861214
    16.5655924    16.5655924    18.8016643    18.8016643
            0.175000  1.000000  0.000000
    -1.6912474    -1.6912474     2.8523947     2.8523947     7.3911858     7.3911858    14.7970248    14.7970248
    16.5768975    16.5768975    18.7819783    18.7819783
            0.150000  1.000000  0.000000
    -1.7020263    -1.7020263     2.9287491     2.9287491     7.2249918     7.2249918    15.0971820    15.0971820
    16.5968946    16.5968946    18.7636586    18.7636586
            0.125000  1.000000  0.000000
    -1.7115549    -1.7115549     3.0001297     3.0001297     7.0780293     7.0780293    15.3779657    15.3779657
    16.6300962    16.6300962    18.7467886    18.7467886
            0.100000  1.000000  0.000000
    -1.7195935    -1.7195935     3.0637629     3.0637629     6.9525327     6.9525327    15.6252062    15.6252062
    16.6819612    16.6819612    18.7299132    18.7299132
            0.075000  1.000000  0.000000
    -1.7259187    -1.7259187     3.1172046     3.1172046     6.8513286     6.8513286    15.8238904    15.8238904
    16.7606252    16.7606252    18.7112477    18.7112477
            0.050000  1.000000  0.000000
    -1.7305716    -1.7305716     3.1576112     3.1576112     6.7768093     6.7768093    15.9605948    15.9605948
    16.8598507    16.8598507    18.6851992    18.6851992
            0.025000  1.000000  0.000000
    -1.7334115    -1.7334115     3.1828198     3.1828198     6.7310695     6.7310695    16.0362632    16.0362632
    16.9513779    16.9513779    18.6425418    18.6425418
            0.000000  1.000000  0.000000
    -1.7343639    -1.7343639     3.1913992     3.1913992     6.7156500     6.7156500    16.0598970    16.0598970
    16.9898698    16.9898698    18.6154556    18.6154556
            0.500000  0.500000  0.500000
    -3.5372726    -0.9280430     4.8510789     4.8510789     7.5525316     9.3925424     9.3925424    13.6166224
    16.6028722    16.6028722    17.1855787    17.3479123
            0.506250  0.506250  0.487500
    -3.5362483    -0.9274707     4.8410531     4.8491433     7.5618163     9.3905324     9.3965471    13.6216219
    16.5529151    16.5901480    17.2207363    17.3576151
            0.512500  0.512500  0.475000
    -3.5331759    -0.9257574     4.8114440     4.8433599     7.5891091     9.3846716     9.4085371    13.6364685
    16.4338407    16.5545138    17.2619899    17.4012794
            0.518750  0.518750  0.462500
    -3.5280562    -0.9229134     4.7635604     4.8337983     7.6328107     9.3754739     9.4284418    13.6607042
    16.2846289    16.5016610    17.2588083    17.4603827
            0.525000  0.525000  0.450000
    -3.5209073    -0.9189726     4.6992380     4.8205477     7.6904936     9.3635498     9.4561436    13.6934920
    16.1229020    16.4363863    17.2369909    17.5333760
            0.531250  0.531250  0.437500
    -3.5117292    -0.9140282     4.6206931     4.8037192     7.7591191     9.3505830     9.4911987    13.7337915
    15.9540460    16.3647334    17.2075082    17.6160787
            0.537500  0.537500  0.425000
    -3.5004436    -0.9079302     4.5309053     4.7836862     7.8353531     9.3392356     9.5341372    13.7802578
    15.7877844    16.2888485    17.1756711    17.7057005
            0.543750  0.543750  0.412500
    -3.4871757    -0.9009037     4.4308013     4.7603762     7.9152443     9.3297447     9.5840564    13.8305920
    15.6222876    16.2087063    17.1414990    17.7992183
            0.550000  0.550000  0.400000
    -3.4718620    -0.8928386     4.3228398     4.7343242     7.9947776     9.3259800     9.6410651    13.8822439
    15.4614419    16.1290160    17.1082776    17.8972550
            0.556250  0.556250  0.387500
    -3.4544829    -0.8838654     4.2088568     4.7059749     8.0696404     9.3314237     9.7059538    13.9315713
    15.3077042    16.0493645    17.0783841    17.9989311
            0.562500  0.562500  0.375000
    -3.4351203    -0.8740650     4.0898616     4.6749375     8.1350840     9.3499624     9.7762171    13.9733638
    15.1647780    15.9693309    17.0527044    18.1020746
            0.568750  0.568750  0.362500
    -3.4137491    -0.8635159     3.9672586     4.6417792     8.1868255     9.3851374     9.8526218    14.0004142
    15.0385877    15.8896217    17.0332172    18.2069371
            0.575000  0.575000  0.350000
    -3.3903842    -0.8523140     3.8420187     4.6067752     8.2221226     9.4386705     9.9349543    14.0034903
    14.9365138    15.8106415    17.0219409    18.3132363
            0.581250  0.581250  0.337500
    -3.3650078    -0.8405437     3.7151416     4.5701927     8.2404009     9.5130090    10.0229510    13.9741829
    14.8662933    15.7326345    17.0214682    18.4216620
            0.587500  0.587500  0.325000
    -3.3376553    -0.8283860     3.5873085     4.5322600     8.2419561     9.6059563    10.1163358    13.9082075
    14.8287210    15.6557069    17.0321969    18.5300495
            0.593750  0.593750  0.312500
    -3.3083491    -0.8159905     3.4591247     4.4932272     8.2294996     9.7149047    10.2148584    13.8105395
    14.8176810    15.5800222    17.0566298    18.6391467
            0.600000  0.600000  0.300000
    -3.2769768    -0.8034610     3.3316493     4.4537417     8.2065150     9.8375671    10.3187692    13.6908025
    14.8234106    15.5063535    17.0971412    18.7499189
            0.606250  0.606250  0.287500
    -3.2437779    -0.7911171     3.2048012     4.4131020     8.1742426     9.9708311    10.4267604    13.5557371
    14.8348208    15.4321721    17.1532929    18.8576067
            0.612500  0.612500  0.275000
    -3.2086412    -0.7789958     3.0794399     4.3720794     8.1356395    10.1125318    10.5392553    13.4118445
    14.8464182    15.3608102    17.2266626    18.9676829
            0.618750  0.618750  0.262500
    -3.1715425    -0.7674217     2.9560706     4.3310048     8.0924642    10.2608201    10.6559693    13.2629606
    14.8541705    15.2920043    17.3176644    19.0786457
            0.625000  0.625000  0.250000
    -3.1326419    -0.7566863     2.8351764     4.2896157     8.0459862    10.4139815    10.7766644    13.1114422
    14.8556381    15.2238577    17.4251129    19.1885703
            0.631250  0.631250  0.237500
    -3.0918817    -0.7470810     2.7173921     4.2482968     7.9975269    10.5711880    10.9011501    12.9598424
    14.8509495    15.1574353    17.5487700    19.2981648
            0.637500  0.637500  0.225000
    -3.0493145    -0.7389730     2.6031500     4.2071984     7.9477211    10.7310221    11.0292258    12.8080630
    14.8390088    15.0928037    17.6873150    19.4072606
            0.643750  0.643750  0.212500
    -3.0049689    -0.7326784     2.4930511     4.1664949     7.8974191    10.8924737    11.1606934    12.6581767
    14.8217807    15.0303515    17.8397604    19.5158438
            0.650000  0.650000  0.200000
    -2.9589305    -0.7287157     2.3876129     4.1261349     7.8464569    11.0531442    11.2941939    12.5118585
    14.7978096    14.9693442    18.0042524    19.6233481
            0.656250  0.656250  0.187500
    -2.9111945    -0.7274640     2.2875291     4.0864844     7.7961808    11.2106101    11.4318134    12.3721322
    14.7689487    14.9105277    18.1799467    19.7299061
            0.662500  0.662500  0.175000
    -2.8618541    -0.7293774     2.1933621     4.0475450     7.7465306    11.3585638    11.5722001    12.2450820
    14.7359323    14.8538422    18.3655707    19.8352540
            0.668750  0.668750  0.162500
    -2.8109901    -0.7349087     2.1057219     4.0094157     7.6977811    11.4819006    11.7151181    12.1457664
    14.6994639    14.7994156    18.5600324    19.9391999
            0.675000  0.675000  0.150000
    -2.7587087    -0.7444905     2.0251680     3.9721870     7.6501277    11.5465705    11.8603032    12.1075953
    14.6601724    14.7474082    18.7623244    20.0415433
            0.681250  0.681250  0.137500
    -2.7051012    -0.7584999     1.9524003     3.9359613     7.6041096    11.5227001    12.0074767    12.1615962
    14.6189959    14.6980537    18.9731529    20.1420718
            0.687500  0.687500  0.125000
    -2.6504135    -0.7772955     1.8877340     3.9005728     7.5592125    11.4341386    12.1558266    12.2832289
    14.5756373    14.6515071    19.1882230    20.2385085
            0.693750  0.693750  0.112500
    -2.5947281    -0.8009376     1.8316679     3.8665140     7.5159887    11.3172433    12.3056994    12.4361328
    14.5308899    14.6082621    19.4082006    20.3346099
            0.700000  0.700000  0.100000
    -2.5381935    -0.8294285     1.7846733     3.8336840     7.4745456    11.1894218    12.4561909    12.6033427
    14.4852828    14.5688809    19.6328889    20.4282136
            0.706250  0.706250  0.087500
    -2.4814575    -0.8626907     1.7465266     3.8020686     7.4348634    11.0568687    12.6063993    12.7775844
    14.4387862    14.5337996    19.8578256    20.5187159
            0.712500  0.712500  0.075000
    -2.4248091    -0.9002847     1.7172220     3.7717575     7.3969318    10.9219151    12.7550724    12.9560150
    14.3915144    14.5031903    20.0796067    20.6049659
            0.718750  0.718750  0.062500
    -2.3688014    -0.9413402     1.6971087     3.7428019     7.3611564    10.7880122    12.9012683    13.1370232
    14.3445387    14.4802385    20.2892180    20.6876672
            0.725000  0.725000  0.050000
    -2.3142853    -0.9848888     1.6856307     3.7152456     7.3273709    10.6547979    13.0427057    13.3195213
    14.2978637    14.4659637    20.4607649    20.7647559
            0.731250  0.731250  0.037500
    -2.2623468    -1.0294392     1.6824699     3.6891306     7.2956727    10.5228904    13.1765938    13.5027768
    14.2522750    14.4630794    20.5596821    20.8375090
            0.737500  0.737500  0.025000
    -2.2144911    -1.0730539     1.6871777     3.6644931     7.2660768    10.3926247    13.2992104    13.6842078
    14.2092664    14.4751621    20.5926599    20.8929187
            0.743750  0.743750  0.012500
    -2.1727156    -1.1132214     1.6992843     3.6414585     7.2386425    10.2647241    13.4063983    13.8580101
    14.1751249    14.5082435    20.5876738    20.9254927
            0.750000  0.750000  0.000000
    -2.1395877    -1.1468906     1.7182204     3.6199322     7.2133576    10.1387340    13.4939491    13.9900226
    14.1833775    14.5634075    20.5577109    20.9018488
            0.741667  0.758333  0.000000
    -2.1389914    -1.1471300     1.7186803     3.6157322     7.2194893    10.1390884    13.4721692    14.0109401
    14.1417588    14.6048359    20.5251965    20.9279474
            0.733333  0.766667  0.000000
    -2.1370740    -1.1478635     1.7202092     3.6031691     7.2377572    10.1398836    13.4165331    14.0473759
    14.0653979    14.6975714    20.4461375    20.9828930
            0.725000  0.775000  0.000000
    -2.1338622    -1.1490742     1.7228133     3.5826928     7.2679529    10.1420057    13.3410682    13.9332715
    14.1403367    14.8120540    20.3486459    21.0507491
            0.716667  0.783333  0.000000
    -2.1293658    -1.1507927     1.7264590     3.5546702     7.3096023    10.1449700    13.2547871    13.8116128
    14.2258990    14.9341716    20.2427511    21.1141304
            0.708333  0.791667  0.000000
    -2.1235851    -1.1530426     1.7311447     3.5196882     7.3621371    10.1487677    13.1626153    13.6866998
    14.3171631    15.0595377    20.1330058    21.1690451
            0.700000  0.800000  0.000000
    -2.1165205    -1.1558547     1.7368685     3.4784288     7.4248991    10.1533872    13.0670979    13.5603233
    14.4115893    15.1862452    20.0216126    21.0858310
            0.691667  0.808333  0.000000
    -2.1080269    -1.1592264     1.7436439     3.4319166     7.4971902    10.1588193    12.9697618    13.4335950
    14.5080676    15.3146754    19.9118088    21.0021254
            0.683333  0.816667  0.000000
    -2.0983996    -1.1632847     1.7514354     3.3803427     7.5782514    10.1650349    12.8711602    13.3065408
    14.6052311    15.4413441    19.8004776    20.9142501
            0.675000  0.825000  0.000000
    -2.0874900    -1.1680369     1.7602567     3.3247532     7.6673771    10.1720169    12.7719623    13.1796940
    14.7028362    15.5671167    19.6902391    20.8249465
            0.666667  0.833333  0.000000
    -2.0752986    -1.1735400     1.7701042     3.2658848     7.7638715    10.1797381    12.6725320    13.0532649
    14.8005344    15.6914962    19.5816551    20.7345998
            0.658333  0.841667  0.000000
    -2.0618264    -1.1798575     1.7809737     3.2044376     7.8670780    10.1881657    12.5731398    12.9274096
    14.8980751    15.8139748    19.4752606    20.6435101
            0.650000  0.850000  0.000000
    -2.0470149    -1.1870587     1.7928888     3.1412272     7.9765471    10.1973897    12.4745725    12.8026922
    14.9952746    15.9345373    19.3716115    20.5519217
            0.641667  0.858333  0.000000
    -2.0310298    -1.1951908     1.8059108     3.0764066     8.0906676    10.2075437    12.3756747    12.6781807
    15.0921404    16.0521635    19.2710720    20.4599992
            0.633333  0.866667  0.000000
    -2.0137236    -1.2043910     1.8198107     3.0109684     8.2104992    10.2178132    12.2775676    12.5547272
    15.1881922    16.1652778    19.1747822    20.3679990
            0.625000  0.875000  0.000000
    -1.9951404    -1.2147152     1.8347112     2.9452905     8.3348792    10.2285720    12.1802286    12.4322713
    15.2835034    16.2736672    19.0833650    20.2760395
            0.616667  0.883333  0.000000
    -1.9752816    -1.2262524     1.8506055     2.8798443     8.4633689    10.2397328    12.0838221    12.3109106
    15.3779738    16.3762710    18.9978008    20.1842641
            0.608333  0.891667  0.000000
    -1.9541483    -1.2390942     1.8674865     2.8150612     8.5955576    10.2511881    11.9885227    12.1907509
    15.4715102    16.4718276    18.9192573    20.0928065
            0.600000  0.900000  0.000000
    -1.9317448    -1.2533738     1.8852824     2.7512969     8.7309778    10.2627539    11.8942793    12.0719134
    15.5621548    16.5586456    18.8484266    20.0016069
            0.591667  0.908333  0.000000
    -1.9080504    -1.2691093     1.9041135     2.6890997     8.8693993    10.2744034    11.8018050    11.9548207
    15.6547851    16.6356693    18.7893168    19.9112079
            0.583333  0.916667  0.000000
    -1.8831036    -1.2864323     1.9239030     2.6285355     9.0103291    10.2857865    11.7111152    11.8391052
    15.7449544    16.7004999    18.7407189    19.8214654
            0.575000  0.925000  0.000000
    -1.8568886    -1.3054345     1.9446442     2.5700172     9.1533398    10.2966775    11.6225263    11.7252924
    15.8338282    16.7515649    18.7053725    19.7325434
            0.566667  0.933333  0.000000
    -1.8293658    -1.3262043     1.9663267     2.5139689     9.2979420    10.3068394    11.5364356    11.6139124
    15.9213089    16.7873655    18.6853054    19.6454959
            0.558333  0.941667  0.000000
    -1.8004050    -1.3488183     1.9889499     2.4606024     9.4438397    10.3157637    11.4534275    11.5054438
    16.0074720    16.8079098    18.6808634    19.5599217
            0.550000  0.950000  0.000000
    -1.7704045    -1.3733632     2.0124809     2.4097324     9.5893507    10.3226604    11.3738859    11.4001342
    16.0918268    16.8110175    18.6909829    19.4742320
            0.541667  0.958333  0.000000
    -1.7391596    -1.3999420     2.0368278     2.3618209     9.7333148    10.3268988    11.2986423    11.2995262
    16.1732188    16.7967351    18.7156468    19.3894880
            0.533333  0.966667  0.000000
    -1.7066411    -1.4285301     2.0621539     2.3170752     9.8739596    10.3276722    11.2057921    11.2287737
    16.2539173    16.7696356    18.7535520    19.3067747
            0.525000  0.975000  0.000000
    -1.6728670    -1.4592105     2.0883578     2.2756202    10.0072896    10.3238267    11.1225760    11.1653464
    16.3325391    16.7298729    18.8026653    19.2258634
            0.516667  0.983333  0.000000
    -1.6378398    -1.4920136     2.1154243     2.2375760    10.1265025    10.3141523    11.0565912    11.1095995
    16.4088777    16.6793985    18.8608708    19.1469945
            0.508333  0.991667  0.000000
    -1.6015622    -1.5269555     2.1433374     2.2030385    10.2200235    10.2974793    11.0193311    11.0627306
    16.4826892    16.6201031    18.9261151    19.0704462
            0.500000  1.000000  0.000000
    -1.5640371    -1.5640371     2.1720798     2.1720798    10.2729211    10.2729211    11.0256526    11.0256526
    16.5536839    16.5536839    18.9965419    18.9965419
