#    Re(w)     Im(w)     Re(chirr)       Im(chirr)      Re (1/chirr)      Im(1/chirr) 
   0.01000   0.10000 -0.8155086E-02 -0.2008498E-04 -0.1226221E+03  0.3020033E+00
   0.04626   0.10000 -0.8168521E-02 -0.9364164E-04 -0.1224051E+03  0.1403218E+01
   0.08253   0.10000 -0.8195222E-02 -0.1711968E-03 -0.1219691E+03  0.2547914E+01
   0.11879   0.10000 -0.8233841E-02 -0.2502145E-03 -0.1213379E+03  0.3687284E+01
   0.15505   0.10000 -0.8292341E-02 -0.3273960E-03 -0.1204055E+03  0.4753818E+01
   0.19131   0.10000 -0.8379278E-02 -0.4129010E-03 -0.1190529E+03  0.5866505E+01
   0.22758   0.10000 -0.8492568E-02 -0.5201175E-03 -0.1173100E+03  0.7184517E+01
   0.26384   0.10000 -0.8626477E-02 -0.6647882E-03 -0.1152378E+03  0.8880650E+01
   0.30010   0.10000 -0.8761522E-02 -0.8654013E-03 -0.1130327E+03  0.1116457E+02
   0.33636   0.10000 -0.8850739E-02 -0.1125489E-02 -0.1111870E+03  0.1413890E+02
   0.37263   0.10000 -0.8829874E-02 -0.1396787E-02 -0.1104871E+03  0.1747782E+02
   0.40889   0.10000 -0.8716280E-02 -0.1542445E-02 -0.1112442E+03  0.1968593E+02
   0.44515   0.10000 -0.8679551E-02 -0.1516569E-02 -0.1118001E+03  0.1953471E+02
   0.48141   0.10000 -0.8823904E-02 -0.1453833E-02 -0.1103334E+03  0.1817862E+02
   0.51768   0.10000 -0.9104007E-02 -0.1465162E-02 -0.1070686E+03  0.1723119E+02
   0.55394   0.10000 -0.9458798E-02 -0.1585685E-02 -0.1028317E+03  0.1723885E+02
   0.59020   0.10000 -0.9843279E-02 -0.1824958E-02 -0.9821611E+02  0.1820941E+02
   0.62646   0.10000 -0.1021896E-01 -0.2189520E-02 -0.9356209E+02  0.2004667E+02
   0.66273   0.10000 -0.1052250E-01 -0.2684394E-02 -0.8922741E+02  0.2276279E+02
   0.69899   0.10000 -0.1065376E-01 -0.3245635E-02 -0.8589199E+02  0.2616674E+02
   0.73525   0.10000 -0.1059959E-01 -0.3687092E-02 -0.8415982E+02  0.2927518E+02
   0.77152   0.10000 -0.1055595E-01 -0.3874687E-02 -0.8348503E+02  0.3064418E+02
   0.80778   0.10000 -0.1075001E-01 -0.3895539E-02 -0.8222564E+02  0.2979655E+02
   0.84404   0.10000 -0.1125436E-01 -0.3961140E-02 -0.7906049E+02  0.2782652E+02
   0.88030   0.10000 -0.1200083E-01 -0.4227314E-02 -0.7412947E+02  0.2611223E+02
   0.91657   0.10000 -0.1290932E-01 -0.4773950E-02 -0.6814424E+02  0.2520019E+02
   0.95283   0.10000 -0.1387992E-01 -0.5664568E-02 -0.6176003E+02  0.2520504E+02
   0.98909   0.10000 -0.1479245E-01 -0.6879126E-02 -0.5558167E+02  0.2584786E+02
   1.02535   0.10000 -0.1567025E-01 -0.8327945E-02 -0.4976081E+02  0.2644535E+02
   1.06162   0.10000 -0.1668003E-01 -0.1015621E-01 -0.4373691E+02  0.2663071E+02
   1.09788   0.10000 -0.1767037E-01 -0.1277207E-01 -0.3717201E+02  0.2686776E+02
   1.13414   0.10000 -0.1814325E-01 -0.1628160E-01 -0.3053042E+02  0.2739775E+02
   1.17040   0.10000 -0.1790426E-01 -0.2060496E-01 -0.2402847E+02  0.2765295E+02
   1.20667   0.10000 -0.1638177E-01 -0.2636566E-01 -0.1700217E+02  0.2736417E+02
   1.24293   0.10000 -0.1112586E-01 -0.3314089E-01 -0.9103861E+01  0.2711791E+02
   1.27919   0.10000 -0.8753576E-03 -0.3661227E-01 -0.6526554E+00  0.2729764E+02
   1.31545   0.10000  0.9599111E-02 -0.3309915E-01  0.8082125E+01  0.2786836E+02
   1.35172   0.10000  0.1522152E-01 -0.2573587E-01  0.1702575E+02  0.2878638E+02
   1.38798   0.10000  0.1643867E-01 -0.1898397E-01  0.2606743E+02  0.3010361E+02
   1.42424   0.10000  0.1566117E-01 -0.1424183E-01  0.3495001E+02  0.3178256E+02
   1.46051   0.10000  0.1443321E-01 -0.1112346E-01  0.4346712E+02  0.3349947E+02
   1.49677   0.10000  0.1328252E-01 -0.8944695E-02  0.5179725E+02  0.3488122E+02
   1.53303   0.10000  0.1225889E-01 -0.7302143E-02  0.6021017E+02  0.3586487E+02
   1.56929   0.10000  0.1134622E-01 -0.5990149E-02  0.6892430E+02  0.3638806E+02
   1.60556   0.10000  0.1047754E-01 -0.4904449E-02  0.7828848E+02  0.3664618E+02
   1.64182   0.10000  0.9632093E-02 -0.4039449E-02  0.8829139E+02  0.3702711E+02
   1.67808   0.10000  0.8837257E-02 -0.3375025E-02  0.9875364E+02  0.3771488E+02
   1.71434   0.10000  0.8116572E-02 -0.2878717E-02  0.1094383E+03  0.3881464E+02
   1.75061   0.10000  0.7490136E-02 -0.2510197E-02  0.1200280E+03  0.4022543E+02
   1.78687   0.10000  0.6959711E-02 -0.2219476E-02  0.1304204E+03  0.4159152E+02
   1.82313   0.10000  0.6502071E-02 -0.1969597E-02  0.1408709E+03  0.4267239E+02
   1.85939   0.10000  0.6092633E-02 -0.1752597E-02  0.1515890E+03  0.4360586E+02
   1.89566   0.10000  0.5726754E-02 -0.1566857E-02  0.1624576E+03  0.4444891E+02
   1.93192   0.10000  0.5397828E-02 -0.1401137E-02  0.1735651E+03  0.4505304E+02
   1.96818   0.10000  0.5096888E-02 -0.1252856E-02  0.1850190E+03  0.4547916E+02
   2.00444   0.10000  0.4819934E-02 -0.1117184E-02  0.1968938E+03  0.4563683E+02
   2.04071   0.10000  0.4555814E-02 -0.9930529E-03  0.2095437E+03  0.4567526E+02
   2.07697   0.10000  0.4301588E-02 -0.8895308E-03  0.2229388E+03  0.4610180E+02
   2.11323   0.10000  0.4064676E-02 -0.8086267E-03  0.2366559E+03  0.4708034E+02
   2.14949   0.10000  0.3848876E-02 -0.7439029E-03  0.2504598E+03  0.4840836E+02
   2.18576   0.10000  0.3651134E-02 -0.6902792E-03  0.2644357E+03  0.4999391E+02
   2.22202   0.10000  0.3470973E-02 -0.6494916E-03  0.2783572E+03  0.5208646E+02
   2.25828   0.10000  0.3313331E-02 -0.6161898E-03  0.2917216E+03  0.5425231E+02
   2.29455   0.10000  0.3174210E-02 -0.5790262E-03  0.3048935E+03  0.5561741E+02
   2.33081   0.10000  0.3041098E-02 -0.5376069E-03  0.3188637E+03  0.5636889E+02
   2.36707   0.10000  0.2910402E-02 -0.4992259E-03  0.3337745E+03  0.5725288E+02
   2.40333   0.10000  0.2784666E-02 -0.4669088E-03  0.3492897E+03  0.5856588E+02
   2.43960   0.10000  0.2664653E-02 -0.4401122E-03  0.3653175E+03  0.6033833E+02
   2.47586   0.10000  0.2550073E-02 -0.4199874E-03  0.3817896E+03  0.6287931E+02
   2.51212   0.10000  0.2443710E-02 -0.4073991E-03  0.3981480E+03  0.6637658E+02
   2.54838   0.10000  0.2347166E-02 -0.4002363E-03  0.4140077E+03  0.7059614E+02
   2.58465   0.10000  0.2261655E-02 -0.3961440E-03  0.4289927E+03  0.7514094E+02
   2.62091   0.10000  0.2185200E-02 -0.3911135E-03  0.4434191E+03  0.7936445E+02
   2.65717   0.10000  0.2114378E-02 -0.3858211E-03  0.4577119E+03  0.8352098E+02
   2.69343   0.10000  0.2049174E-02 -0.3820106E-03  0.4716116E+03  0.8791866E+02
   2.72970   0.10000  0.1992236E-02 -0.3808466E-03  0.4842519E+03  0.9257220E+02
   2.76596   0.10000  0.1947528E-02 -0.3779602E-03  0.4948342E+03  0.9603337E+02
   2.80222   0.10000  0.1912321E-02 -0.3640490E-03  0.5046362E+03  0.9606771E+02
   2.83848   0.10000  0.1874606E-02 -0.3378797E-03  0.5166608E+03  0.9312313E+02
   2.87475   0.10000  0.1828731E-02 -0.3079003E-03  0.5317533E+03  0.8953042E+02
   2.91101   0.10000  0.1777552E-02 -0.2800779E-03  0.5489432E+03  0.8649361E+02
   2.94727   0.10000  0.1723317E-02 -0.2557740E-03  0.5677692E+03  0.8426806E+02
   2.98354   0.10000  0.1667922E-02 -0.2362276E-03  0.5877586E+03  0.8324418E+02
   3.01980   0.10000  0.1613214E-02 -0.2216583E-03  0.6083945E+03  0.8359444E+02
   3.05606   0.10000  0.1560976E-02 -0.2117285E-03  0.6290518E+03  0.8532368E+02
   3.09232   0.10000  0.1513065E-02 -0.2049133E-03  0.6490067E+03  0.8789452E+02
   3.12859   0.10000  0.1469209E-02 -0.1983302E-03  0.6684574E+03  0.9023584E+02
   3.16485   0.10000  0.1426425E-02 -0.1910588E-03  0.6886975E+03  0.9224580E+02
   3.20111   0.10000  0.1383117E-02 -0.1859695E-03  0.7101656E+03  0.9548659E+02
   3.23737   0.10000  0.1341940E-02 -0.1854722E-03  0.7312216E+03  0.1010636E+03
   3.27364   0.10000  0.1306091E-02 -0.1879692E-03  0.7501071E+03  0.1079535E+03
   3.30990   0.10000  0.1276214E-02 -0.1903978E-03  0.7665071E+03  0.1143549E+03
   3.34616   0.10000  0.1250644E-02 -0.1900694E-03  0.7815367E+03  0.1187758E+03
   3.38242   0.10000  0.1226439E-02 -0.1870471E-03  0.7968345E+03  0.1215271E+03
   3.41869   0.10000  0.1203320E-02 -0.1830849E-03  0.8122314E+03  0.1235809E+03
   3.45495   0.10000  0.1182550E-02 -0.1774627E-03  0.8270060E+03  0.1241070E+03
   3.49121   0.10000  0.1162331E-02 -0.1675059E-03  0.8428360E+03  0.1214628E+03
   3.52747   0.10000  0.1138161E-02 -0.1547637E-03  0.8626599E+03  0.1173019E+03
   3.56374   0.10000  0.1109593E-02 -0.1437969E-03  0.8863458E+03  0.1148653E+03
   3.60000   0.10000  0.1079174E-02 -0.1372157E-03  0.9118926E+03  0.1159461E+03
