#    Re(w)     Im(w)     Re(1/eps)       Im(1/eps)      Re (eps)      Im(eps) 
   0.01000   0.10000  0.2224065E+00 -0.1915118E-02  0.4495939E+01  0.3871404E-01
   0.04626   0.10000  0.2211254E+00 -0.8928800E-02  0.4514959E+01  0.1823090E+00
   0.08253   0.10000  0.2185795E+00 -0.1632375E-01  0.4549621E+01  0.3397705E+00
   0.11879   0.10000  0.2148971E+00 -0.2385814E-01  0.4596733E+01  0.5103349E+00
   0.15505   0.10000  0.2093191E+00 -0.3121745E-01  0.4673448E+01  0.6969891E+00
   0.19131   0.10000  0.2010296E+00 -0.3937042E-01  0.4790648E+01  0.9382194E+00
   0.22758   0.10000  0.1902273E+00 -0.4959360E-01  0.4922308E+01  0.1283280E+01
   0.26384   0.10000  0.1774589E+00 -0.6338805E-01  0.4997475E+01  0.1785090E+01
   0.30010   0.10000  0.1645823E+00 -0.8251667E-01  0.4855460E+01  0.2434383E+01
   0.33636   0.10000  0.1560754E+00 -0.1073162E+00  0.4350375E+01  0.2991284E+01
   0.37263   0.10000  0.1580649E+00 -0.1331847E+00  0.3699790E+01  0.3117425E+01
   0.40889   0.10000  0.1688962E+00 -0.1470733E+00  0.3367385E+01  0.2932289E+01
   0.44515   0.10000  0.1723983E+00 -0.1446060E+00  0.3404923E+01  0.2856016E+01
   0.48141   0.10000  0.1586342E+00 -0.1386241E+00  0.3574336E+01  0.3123470E+01
   0.51768   0.10000  0.1319261E+00 -0.1397043E+00  0.3573123E+01  0.3783791E+01
   0.55394   0.10000  0.9809650E-01 -0.1511963E+00  0.3019911E+01  0.4654594E+01
   0.59020   0.10000  0.6143595E-01 -0.1740111E+00  0.1804062E+01  0.5109822E+01
   0.62646   0.10000  0.2561438E-01 -0.2087724E+00  0.5789605E+00  0.4718872E+01
   0.66273   0.10000 -0.3328585E-02 -0.2559590E+00 -0.5079786E-01  0.3906216E+01
   0.69899   0.10000 -0.1584363E-01 -0.3094737E+00 -0.1649949E+00  0.3222845E+01
   0.73525   0.10000 -0.1067903E-01 -0.3515670E+00 -0.8632074E-01  0.2841786E+01
   0.77152   0.10000 -0.6517326E-02 -0.3694543E+00 -0.4773236E-01  0.2705853E+01
   0.80778   0.10000 -0.2502144E-01 -0.3714426E+00 -0.1805356E+00  0.2680045E+01
   0.84404   0.10000 -0.7311168E-01 -0.3776977E+00 -0.4939950E+00  0.2551997E+01
   0.88030   0.10000 -0.1442884E+00 -0.4030775E+00 -0.7872107E+00  0.2199117E+01
   0.91657   0.10000 -0.2309130E+00 -0.4551997E+00 -0.8863284E+00  0.1747223E+01
   0.95283   0.10000 -0.3234608E+00 -0.5401208E+00 -0.8160838E+00  0.1362712E+01
   0.98909   0.10000 -0.4104715E+00 -0.6559298E+00 -0.6855695E+00  0.1095534E+01
   1.02535   0.10000 -0.4941704E+00 -0.7940758E+00 -0.5649206E+00  0.9077634E+00
   1.06162   0.10000 -0.5904534E+00 -0.9684021E+00 -0.4589833E+00  0.7527780E+00
   1.09788   0.10000 -0.6848833E+00 -0.1217826E+01 -0.3508326E+00  0.6238334E+00
   1.13414   0.10000 -0.7299720E+00 -0.1552463E+01 -0.2480368E+00  0.5275104E+00
   1.17040   0.10000 -0.7071846E+00 -0.1964698E+01 -0.1621928E+00  0.4506034E+00
   1.20667   0.10000 -0.5620137E+00 -0.2513985E+01 -0.8469188E-01  0.3788415E+00
   1.24293   0.10000 -0.6085897E-01 -0.3160009E+01 -0.6092380E-02  0.3163375E+00
   1.27919   0.10000  0.9165340E+00 -0.3491008E+01  0.7035558E-01  0.2679790E+00
   1.31545   0.10000  0.1915282E+01 -0.3156028E+01  0.1405318E+00  0.2315702E+00
   1.35172   0.10000  0.2451383E+01 -0.2453934E+01  0.2037543E+00  0.2039664E+00
   1.38798   0.10000  0.2567440E+01 -0.1810136E+01  0.2601694E+00  0.1834286E+00
   1.42424   0.10000  0.2493304E+01 -0.1357969E+01  0.3093181E+00  0.1684690E+00
   1.46051   0.10000  0.2376217E+01 -0.1060630E+01  0.3509225E+00  0.1566351E+00
   1.49677   0.10000  0.2266498E+01 -0.8528834E+00  0.3864826E+00  0.1454334E+00
   1.53303   0.10000  0.2168894E+01 -0.6962648E+00  0.4179884E+00  0.1341839E+00
   1.56929   0.10000  0.2081870E+01 -0.5711652E+00  0.4467136E+00  0.1225568E+00
   1.60556   0.10000  0.1999041E+01 -0.4676429E+00  0.4742846E+00  0.1109511E+00
   1.64182   0.10000  0.1918427E+01 -0.3851645E+00  0.5010630E+00  0.1005989E+00
   1.67808   0.10000  0.1842639E+01 -0.3218112E+00  0.5266366E+00  0.9197546E-01
   1.71434   0.10000  0.1773921E+01 -0.2744878E+00  0.5505413E+00  0.8518804E-01
   1.75061   0.10000  0.1714190E+01 -0.2393491E+00  0.5722101E+00  0.7989661E-01
   1.78687   0.10000  0.1663614E+01 -0.2116287E+00  0.5915287E+00  0.7524850E-01
   1.82313   0.10000  0.1619977E+01 -0.1878026E+00  0.6091064E+00  0.7061319E-01
   1.85939   0.10000  0.1580937E+01 -0.1671114E+00  0.6255468E+00  0.6612282E-01
   1.89566   0.10000  0.1546050E+01 -0.1494010E+00  0.6408254E+00  0.6192552E-01
   1.93192   0.10000  0.1514687E+01 -0.1335995E+00  0.6551059E+00  0.5778211E-01
   1.96818   0.10000  0.1485992E+01 -0.1194608E+00  0.6686299E+00  0.5375200E-01
   2.00444   0.10000  0.1459584E+01 -0.1065243E+00  0.6814966E+00  0.4973741E-01
   2.04071   0.10000  0.1434400E+01 -0.9468834E-01  0.6941307E+00  0.4582130E-01
   2.07697   0.10000  0.1410160E+01 -0.8481743E-01  0.7065833E+00  0.4249915E-01
   2.11323   0.10000  0.1387570E+01 -0.7710316E-01  0.7184660E+00  0.3992304E-01
   2.14949   0.10000  0.1366993E+01 -0.7093170E-01  0.7295682E+00  0.3785645E-01
   2.18576   0.10000  0.1348138E+01 -0.6581864E-01  0.7399998E+00  0.3612817E-01
   2.22202   0.10000  0.1330960E+01 -0.6192951E-01  0.7497143E+00  0.3488418E-01
   2.25828   0.10000  0.1315929E+01 -0.5875416E-01  0.7584078E+00  0.3386172E-01
   2.29455   0.10000  0.1302663E+01 -0.5521058E-01  0.7662816E+00  0.3247720E-01
   2.33081   0.10000  0.1289971E+01 -0.5126122E-01  0.7739890E+00  0.3075699E-01
   2.36707   0.10000  0.1277509E+01 -0.4760156E-01  0.7816881E+00  0.2912666E-01
   2.40333   0.10000  0.1265520E+01 -0.4452010E-01  0.7892123E+00  0.2776393E-01
   2.43960   0.10000  0.1254077E+01 -0.4196503E-01  0.7965075E+00  0.2665344E-01
   2.47586   0.10000  0.1243151E+01 -0.4004611E-01  0.8035734E+00  0.2588582E-01
   2.51212   0.10000  0.1233010E+01 -0.3884581E-01  0.8102195E+00  0.2552586E-01
   2.54838   0.10000  0.1223804E+01 -0.3816283E-01  0.8163304E+00  0.2545626E-01
   2.58465   0.10000  0.1215650E+01 -0.3777263E-01  0.8218114E+00  0.2553528E-01
   2.62091   0.10000  0.1208360E+01 -0.3729297E-01  0.8267801E+00  0.2551646E-01
   2.65717   0.10000  0.1201608E+01 -0.3678833E-01  0.8314392E+00  0.2545529E-01
   2.69343   0.10000  0.1195390E+01 -0.3642500E-01  0.8357709E+00  0.2546696E-01
   2.72970   0.10000  0.1189961E+01 -0.3631400E-01  0.8395816E+00  0.2562148E-01
   2.76596   0.10000  0.1185698E+01 -0.3603879E-01  0.8426065E+00  0.2561066E-01
   2.80222   0.10000  0.1182341E+01 -0.3471235E-01  0.8450511E+00  0.2480985E-01
   2.83848   0.10000  0.1178745E+01 -0.3221709E-01  0.8477266E+00  0.2316979E-01
   2.87475   0.10000  0.1174371E+01 -0.2935853E-01  0.8509879E+00  0.2127416E-01
   2.91101   0.10000  0.1169491E+01 -0.2670564E-01  0.8546273E+00  0.1951565E-01
   2.94727   0.10000  0.1164320E+01 -0.2438824E-01  0.8584940E+00  0.1798232E-01
   2.98354   0.10000  0.1159038E+01 -0.2252447E-01  0.8624591E+00  0.1676083E-01
   3.01980   0.10000  0.1153821E+01 -0.2113529E-01  0.8663947E+00  0.1587031E-01
   3.05606   0.10000  0.1148840E+01 -0.2018847E-01  0.8701744E+00  0.1529150E-01
   3.09232   0.10000  0.1144272E+01 -0.1953864E-01  0.8736635E+00  0.1491795E-01
   3.12859   0.10000  0.1140090E+01 -0.1891093E-01  0.8768823E+00  0.1454505E-01
   3.16485   0.10000  0.1136011E+01 -0.1821760E-01  0.8800471E+00  0.1411285E-01
   3.20111   0.10000  0.1131881E+01 -0.1773233E-01  0.8832681E+00  0.1383750E-01
   3.23737   0.10000  0.1127955E+01 -0.1768491E-01  0.8863423E+00  0.1389673E-01
   3.27364   0.10000  0.1124537E+01 -0.1792300E-01  0.8890292E+00  0.1416946E-01
   3.30990   0.10000  0.1121688E+01 -0.1815457E-01  0.8912801E+00  0.1442541E-01
   3.34616   0.10000  0.1119250E+01 -0.1812326E-01  0.8932214E+00  0.1446333E-01
   3.38242   0.10000  0.1116942E+01 -0.1783508E-01  0.8950735E+00  0.1429234E-01
   3.41869   0.10000  0.1114737E+01 -0.1745728E-01  0.8968523E+00  0.1404510E-01
   3.45495   0.10000  0.1112757E+01 -0.1692120E-01  0.8984610E+00  0.1366250E-01
   3.49121   0.10000  0.1110829E+01 -0.1597181E-01  0.9000424E+00  0.1294106E-01
   3.52747   0.10000  0.1108525E+01 -0.1475683E-01  0.9019402E+00  0.1200675E-01
   3.56374   0.10000  0.1105800E+01 -0.1371114E-01  0.9041833E+00  0.1121123E-01
   3.60000   0.10000  0.1102900E+01 -0.1308362E-01  0.9065729E+00  0.1075460E-01
