#  Re(w)     Im(w)  em111          em122          em133          em112          em113          em123
   0.05000   0.01000  0.7093955E-01  0.7093955E-01  0.7093955E-01  0.0000000E+00  0.0000000E+00  0.0000000E+00
   0.06566   0.01000  0.6928026E-01  0.6928026E-01  0.6928026E-01  0.0000000E+00  0.0000000E+00  0.0000000E+00
   0.08131   0.01000  0.6713906E-01  0.6713906E-01  0.6713906E-01  0.0000000E+00  0.0000000E+00  0.0000000E+00
   0.09697   0.01000  0.6448770E-01  0.6448770E-01  0.6448770E-01  0.0000000E+00  0.0000000E+00  0.0000000E+00
   0.11263   0.01000  0.6128440E-01  0.6128440E-01  0.6128440E-01  0.0000000E+00  0.0000000E+00  0.0000000E+00
   0.12828   0.01000  0.5746567E-01  0.5746567E-01  0.5746567E-01  0.0000000E+00  0.0000000E+00  0.0000000E+00
   0.14394   0.01000  0.5292844E-01  0.5292844E-01  0.5292844E-01  0.0000000E+00  0.0000000E+00  0.0000000E+00
   0.15960   0.01000  0.4748772E-01  0.4748772E-01  0.4748772E-01  0.0000000E+00  0.0000000E+00  0.0000000E+00
   0.17525   0.01000  0.4076595E-01  0.4076595E-01  0.4076595E-01  0.0000000E+00  0.0000000E+00  0.0000000E+00
   0.19091   0.01000  0.3217184E-01  0.3217184E-01  0.3217184E-01  0.0000000E+00  0.2121996-313  0.0000000E+00
   0.20657   0.01000  0.2726840E-01  0.2726840E-01  0.2726840E-01  0.0000000E+00  0.0000000E+00  0.0000000E+00
   0.22222   0.01000  0.2486806E-01  0.2486806E-01  0.2486806E-01  0.0000000E+00  0.0000000E+00  0.0000000E+00
   0.23788   0.01000  0.2110722E-01  0.2110722E-01  0.2110722E-01  0.0000000E+00  0.0000000E+00  0.0000000E+00
   0.25354   0.01000  0.1544095E-01  0.1544095E-01  0.1544095E-01  0.0000000E+00  0.0000000E+00  0.0000000E+00
   0.26919   0.01000  0.6414180E-02  0.6414180E-02  0.6414180E-02  0.0000000E+00  0.0000000E+00  0.0000000E+00
   0.28485   0.01000 -0.1442116E-02 -0.1442116E-02 -0.1442116E-02  0.0000000E+00  0.0000000E+00  0.0000000E+00
   0.30051   0.01000 -0.2001983E-02 -0.2001983E-02 -0.2001983E-02  0.0000000E+00  0.0000000E+00  0.0000000E+00
   0.31616   0.01000 -0.1764922E-01 -0.1764922E-01 -0.1764922E-01  0.0000000E+00  0.0000000E+00  0.0000000E+00
   0.33182   0.01000 -0.3025462E-01 -0.3025462E-01 -0.3025462E-01  0.0000000E+00  0.0000000E+00  0.0000000E+00
   0.34747   0.01000 -0.4272486E-01 -0.4272486E-01 -0.4272486E-01  0.0000000E+00  0.0000000E+00  0.0000000E+00
   0.36313   0.01000 -0.4342470E-01 -0.4342470E-01 -0.4342470E-01  0.0000000E+00  0.0000000E+00  0.0000000E+00
   0.37879   0.01000 -0.3318944E-01 -0.3318944E-01 -0.3318944E-01  0.0000000E+00  0.0000000E+00  0.0000000E+00
   0.39444   0.01000 -0.3607405E-01 -0.3607405E-01 -0.3607405E-01  0.0000000E+00  0.0000000E+00  0.0000000E+00
   0.41010   0.01000 -0.5929501E-01 -0.5929501E-01 -0.5929501E-01  0.0000000E+00  0.0000000E+00  0.0000000E+00
   0.42576   0.01000 -0.8046101E-01 -0.8046101E-01 -0.8046101E-01  0.0000000E+00  0.0000000E+00  0.0000000E+00
   0.44141   0.01000 -0.8507129E-01 -0.8507129E-01 -0.8507129E-01  0.0000000E+00  0.0000000E+00  0.0000000E+00
   0.45707   0.01000 -0.9896945E-01 -0.9896945E-01 -0.9896945E-01  0.0000000E+00  0.0000000E+00  0.0000000E+00
   0.47273   0.01000 -0.1170463E+00 -0.1170463E+00 -0.1170463E+00  0.0000000E+00  0.0000000E+00  0.0000000E+00
   0.48838   0.01000 -0.1286709E+00 -0.1286709E+00 -0.1286709E+00  0.0000000E+00  0.0000000E+00  0.0000000E+00
   0.50404   0.01000 -0.1148333E+00 -0.1148333E+00 -0.1148333E+00  0.4940656-323  0.0000000E+00  0.0000000E+00
   0.51970   0.01000 -0.1394335E+00 -0.1394335E+00 -0.1394335E+00  0.0000000E+00  0.0000000E+00  0.0000000E+00
   0.53535   0.01000 -0.1664272E+00 -0.1664272E+00 -0.1664272E+00  0.0000000E+00  0.0000000E+00  0.0000000E+00
   0.55101   0.01000 -0.1782758E+00 -0.1782758E+00 -0.1782758E+00  0.0000000E+00  0.0000000E+00  0.0000000E+00
   0.56667   0.01000 -0.1620762E+00 -0.1620762E+00 -0.1620762E+00  0.0000000E+00  0.0000000E+00  0.0000000E+00
   0.58232   0.01000 -0.1933510E+00 -0.1933510E+00 -0.1933510E+00  0.0000000E+00  0.0000000E+00  0.0000000E+00
   0.59798   0.01000 -0.2111315E+00 -0.2111315E+00 -0.2111315E+00  0.0000000E+00  0.0000000E+00  0.0000000E+00
   0.61364   0.01000 -0.2341939E+00 -0.2341939E+00 -0.2341939E+00  0.0000000E+00  0.0000000E+00  0.0000000E+00
   0.62929   0.01000 -0.2610614E+00 -0.2610614E+00 -0.2610614E+00  0.0000000E+00  0.0000000E+00  0.0000000E+00
   0.64495   0.01000 -0.3029719E+00 -0.3029719E+00 -0.3029719E+00  0.0000000E+00  0.0000000E+00  0.0000000E+00
   0.66061   0.01000 -0.3200529E+00 -0.3200529E+00 -0.3200529E+00  0.0000000E+00  0.0000000E+00  0.0000000E+00
   0.67626   0.01000 -0.3149246E+00 -0.3149246E+00 -0.3149246E+00  0.0000000E+00  0.0000000E+00  0.0000000E+00
   0.69192   0.01000 -0.3246122E+00 -0.3246122E+00 -0.3246122E+00  0.0000000E+00  0.0000000E+00  0.0000000E+00
   0.70758   0.01000 -0.3537935E+00 -0.3537935E+00 -0.3537935E+00  0.0000000E+00  0.0000000E+00  0.0000000E+00
   0.72323   0.01000 -0.3938117E+00 -0.3938117E+00 -0.3938117E+00  0.2121996-313  0.0000000E+00  0.0000000E+00
   0.73889   0.01000 -0.4656258E+00 -0.4656258E+00 -0.4656258E+00  0.0000000E+00  0.0000000E+00  0.0000000E+00
   0.75455   0.01000 -0.4929079E+00 -0.4929079E+00 -0.4929079E+00  0.0000000E+00  0.0000000E+00  0.0000000E+00
   0.77020   0.01000 -0.5664928E+00 -0.5664928E+00 -0.5664928E+00  0.0000000E+00  0.0000000E+00  0.0000000E+00
   0.78586   0.01000 -0.5771722E+00 -0.5771722E+00 -0.5771722E+00  0.0000000E+00  0.0000000E+00  0.0000000E+00
   0.80152   0.01000 -0.5626752E+00 -0.5626752E+00 -0.5626752E+00  0.0000000E+00  0.0000000E+00  0.0000000E+00
   0.81717   0.01000 -0.6024819E+00 -0.6024819E+00 -0.6024819E+00  0.0000000E+00  0.0000000E+00  0.0000000E+00
   0.83283   0.01000 -0.5893607E+00 -0.5893607E+00 -0.5893607E+00  0.0000000E+00  0.0000000E+00  0.0000000E+00
   0.84848   0.01000 -0.6800107E+00 -0.6800107E+00 -0.6800107E+00  0.0000000E+00  0.0000000E+00  0.4940656-323
   0.86414   0.01000 -0.8180470E+00 -0.8180470E+00 -0.8180470E+00  0.0000000E+00  0.0000000E+00  0.0000000E+00
   0.87980   0.01000 -0.9286160E+00 -0.9286160E+00 -0.9286160E+00  0.0000000E+00  0.0000000E+00  0.0000000E+00
   0.89545   0.01000 -0.9984680E+00 -0.9984680E+00 -0.9984680E+00  0.0000000E+00  0.0000000E+00  0.0000000E+00
   0.91111   0.01000 -0.1005754E+01 -0.1005754E+01 -0.1005754E+01  0.0000000E+00  0.0000000E+00  0.0000000E+00
   0.92677   0.01000 -0.9583754E+00 -0.9583754E+00 -0.9583754E+00  0.0000000E+00  0.0000000E+00  0.0000000E+00
   0.94242   0.01000 -0.1021758E+01 -0.1021758E+01 -0.1021758E+01  0.0000000E+00  0.0000000E+00  0.0000000E+00
   0.95808   0.01000 -0.1115775E+01 -0.1115775E+01 -0.1115775E+01  0.0000000E+00  0.0000000E+00  0.0000000E+00
   0.97374   0.01000 -0.1187745E+01 -0.1187745E+01 -0.1187745E+01  0.0000000E+00  0.0000000E+00  0.0000000E+00
   0.98939   0.01000 -0.1471299E+01 -0.1471299E+01 -0.1471299E+01  0.0000000E+00  0.0000000E+00  0.0000000E+00
   1.00505   0.01000 -0.1629559E+01 -0.1629559E+01 -0.1629559E+01  0.0000000E+00  0.0000000E+00  0.0000000E+00
   1.02071   0.01000 -0.1601063E+01 -0.1601063E+01 -0.1601063E+01  0.0000000E+00  0.0000000E+00  0.0000000E+00
   1.03636   0.01000 -0.1758605E+01 -0.1758605E+01 -0.1758605E+01  0.0000000E+00  0.0000000E+00  0.0000000E+00
   1.05202   0.01000 -0.1903462E+01 -0.1903462E+01 -0.1903462E+01  0.0000000E+00  0.0000000E+00  0.0000000E+00
   1.06768   0.01000 -0.1737951E+01 -0.1737951E+01 -0.1737951E+01  0.0000000E+00  0.0000000E+00  0.2121996-313
   1.08333   0.01000 -0.1830568E+01 -0.1830568E+01 -0.1830568E+01  0.0000000E+00  0.0000000E+00  0.0000000E+00
   1.09899   0.01000 -0.2272135E+01 -0.2272135E+01 -0.2272135E+01  0.0000000E+00  0.0000000E+00  0.0000000E+00
   1.11465   0.01000 -0.2317128E+01 -0.2317128E+01 -0.2317128E+01  0.0000000E+00  0.0000000E+00  0.0000000E+00
   1.13030   0.01000 -0.2177036E+01 -0.2177036E+01 -0.2177036E+01  0.0000000E+00  0.0000000E+00  0.0000000E+00
   1.14596   0.01000 -0.3014393E+01 -0.3014393E+01 -0.3014393E+01  0.0000000E+00  0.0000000E+00  0.0000000E+00
   1.16162   0.01000 -0.3441451E+01 -0.3441451E+01 -0.3441451E+01  0.0000000E+00  0.0000000E+00  0.0000000E+00
   1.17727   0.01000 -0.3210143E+01 -0.3210143E+01 -0.3210143E+01  0.0000000E+00  0.0000000E+00  0.0000000E+00
   1.19293   0.01000 -0.2068323E+01 -0.2068323E+01 -0.2068323E+01  0.0000000E+00  0.0000000E+00  0.0000000E+00
   1.20859   0.01000 -0.9383146E+00 -0.9383146E+00 -0.9383146E+00  0.0000000E+00  0.0000000E+00  0.0000000E+00
   1.22424   0.01000 -0.2051105E+00 -0.2051105E+00 -0.2051105E+00  0.0000000E+00  0.0000000E+00  0.0000000E+00
   1.23990   0.01000 -0.7411947E-01 -0.7411947E-01 -0.7411947E-01  0.0000000E+00  0.0000000E+00  0.0000000E+00
   1.25556   0.01000  0.1575304E+01  0.1575304E+01  0.1575304E+01  0.0000000E+00  0.0000000E+00  0.0000000E+00
   1.27121   0.01000  0.4829188E+01  0.4829188E+01  0.4829188E+01  0.0000000E+00  0.0000000E+00  0.0000000E+00
   1.28687   0.01000  0.5431216E+01  0.5431216E+01  0.5431216E+01  0.0000000E+00  0.0000000E+00  0.0000000E+00
   1.30253   0.01000  0.5306133E+01  0.5306133E+01  0.5306133E+01  0.0000000E+00  0.0000000E+00  0.0000000E+00
   1.31818   0.01000  0.5779690E+01  0.5779690E+01  0.5779690E+01  0.0000000E+00  0.0000000E+00  0.0000000E+00
   1.33384   0.01000  0.5038206E+01  0.5038206E+01  0.5038206E+01  0.0000000E+00  0.0000000E+00  0.0000000E+00
   1.34949   0.01000  0.4719729E+01  0.4719729E+01  0.4719729E+01  0.0000000E+00  0.0000000E+00  0.0000000E+00
   1.36515   0.01000  0.4094610E+01  0.4094610E+01  0.4094610E+01  0.0000000E+00  0.0000000E+00  0.0000000E+00
   1.38081   0.01000  0.3989986E+01  0.3989986E+01  0.3989986E+01  0.0000000E+00  0.0000000E+00  0.0000000E+00
   1.39646   0.01000  0.3683219E+01  0.3683219E+01  0.3683219E+01  0.0000000E+00  0.0000000E+00  0.0000000E+00
   1.41212   0.01000  0.3574605E+01  0.3574605E+01  0.3574605E+01  0.0000000E+00  0.0000000E+00  0.0000000E+00
   1.42778   0.01000  0.3301269E+01  0.3301269E+01  0.3301269E+01  0.0000000E+00  0.0000000E+00  0.0000000E+00
   1.44343   0.01000  0.3218268E+01  0.3218268E+01  0.3218268E+01  0.0000000E+00  0.0000000E+00  0.0000000E+00
   1.45909   0.01000  0.3026159E+01  0.3026159E+01  0.3026159E+01  0.0000000E+00  0.0000000E+00  0.0000000E+00
   1.47475   0.01000  0.2877233E+01  0.2877233E+01  0.2877233E+01  0.0000000E+00  0.0000000E+00  0.0000000E+00
   1.49040   0.01000  0.2750475E+01  0.2750475E+01  0.2750475E+01  0.0000000E+00  0.0000000E+00  0.0000000E+00
   1.50606   0.01000  0.2622724E+01  0.2622724E+01  0.2622724E+01  0.0000000E+00  0.0000000E+00  0.0000000E+00
   1.52172   0.01000  0.2616236E+01  0.2616236E+01  0.2616236E+01  0.0000000E+00  0.0000000E+00  0.0000000E+00
   1.53737   0.01000  0.2511345E+01  0.2511345E+01  0.2511345E+01  0.0000000E+00  0.0000000E+00  0.0000000E+00
   1.55303   0.01000  0.2449805E+01  0.2449805E+01  0.2449805E+01  0.0000000E+00  0.4940656-323  0.0000000E+00
   1.56869   0.01000  0.2396078E+01  0.2396078E+01  0.2396078E+01  0.0000000E+00  0.0000000E+00  0.0000000E+00
   1.58434   0.01000  0.2323556E+01  0.2323556E+01  0.2323556E+01  0.0000000E+00  0.0000000E+00  0.0000000E+00
   1.60000   0.01000  0.2236952E+01  0.2236952E+01  0.2236952E+01  0.0000000E+00  0.0000000E+00  0.0000000E+00
