#  Re(w)     Im(w)  em111          em122          em133          em112          em113          em123
   0.05000   0.01000 -0.9118274E-03 -0.9118274E-03 -0.9118274E-03  0.0000000E+00  0.0000000E+00  0.0000000E+00
   0.06566   0.01000 -0.1213279E-02 -0.1213279E-02 -0.1213279E-02  0.0000000E+00  0.0000000E+00  0.0000000E+00
   0.08131   0.01000 -0.1529922E-02 -0.1529922E-02 -0.1529922E-02  0.0000000E+00  0.0000000E+00  0.0000000E+00
   0.09697   0.01000 -0.1868857E-02 -0.1868857E-02 -0.1868857E-02  0.0000000E+00  0.0000000E+00  0.0000000E+00
   0.11263   0.01000 -0.2241260E-02 -0.2241260E-02 -0.2241260E-02  0.0000000E+00  0.0000000E+00  0.0000000E+00
   0.12828   0.01000 -0.2666703E-02 -0.2666703E-02 -0.2666703E-02  0.0000000E+00  0.0000000E+00  0.0000000E+00
   0.14394   0.01000 -0.3184390E-02 -0.3184390E-02 -0.3184390E-02  0.0000000E+00  0.0000000E+00  0.0000000E+00
   0.15960   0.01000 -0.3889176E-02 -0.3889176E-02 -0.3889176E-02  0.0000000E+00  0.0000000E+00  0.0000000E+00
   0.17525   0.01000 -0.5088586E-02 -0.5088586E-02 -0.5088586E-02  0.0000000E+00  0.0000000E+00  0.0000000E+00
   0.19091   0.01000 -0.8352449E-02 -0.8352449E-02 -0.8352449E-02  0.0000000E+00  0.0000000E+00  0.0000000E+00
   0.20657   0.01000 -0.1584744E-01 -0.1584744E-01 -0.1584744E-01  0.0000000E+00  0.0000000E+00  0.0000000E+00
   0.22222   0.01000 -0.1931623E-01 -0.1931623E-01 -0.1931623E-01  0.0000000E+00  0.0000000E+00  0.0000000E+00
   0.23788   0.01000 -0.2117946E-01 -0.2117946E-01 -0.2117946E-01  0.0000000E+00  0.0000000E+00  0.0000000E+00
   0.25354   0.01000 -0.2249285E-01 -0.2249285E-01 -0.2249285E-01  0.0000000E+00  0.0000000E+00  0.0000000E+00
   0.26919   0.01000 -0.2302806E-01 -0.2302806E-01 -0.2302806E-01  0.0000000E+00  0.0000000E+00  0.0000000E+00
   0.28485   0.01000 -0.3208432E-01 -0.3208432E-01 -0.3208432E-01  0.0000000E+00  0.0000000E+00  0.0000000E+00
   0.30051   0.01000 -0.2975689E-01 -0.2975689E-01 -0.2975689E-01  0.0000000E+00  0.0000000E+00  0.0000000E+00
   0.31616   0.01000 -0.2911318E-01 -0.2911318E-01 -0.2911318E-01  0.0000000E+00  0.0000000E+00  0.0000000E+00
   0.33182   0.01000 -0.3792740E-01 -0.3792740E-01 -0.3792740E-01  0.0000000E+00  0.0000000E+00  0.0000000E+00
   0.34747   0.01000 -0.5215958E-01 -0.5215958E-01 -0.5215958E-01  0.0000000E+00  0.0000000E+00  0.0000000E+00
   0.36313   0.01000 -0.6349785E-01 -0.6349785E-01 -0.6349785E-01  0.0000000E+00  0.0000000E+00  0.0000000E+00
   0.37879   0.01000 -0.6678286E-01 -0.6678286E-01 -0.6678286E-01  0.0000000E+00  0.0000000E+00  0.0000000E+00
   0.39444   0.01000 -0.5489669E-01 -0.5489669E-01 -0.5489669E-01  0.0000000E+00  0.0000000E+00  0.0000000E+00
   0.41010   0.01000 -0.4794554E-01 -0.4794554E-01 -0.4794554E-01  0.0000000E+00  0.4940656-323  0.0000000E+00
   0.42576   0.01000 -0.5935149E-01 -0.5935149E-01 -0.5935149E-01  0.0000000E+00  0.0000000E+00  0.0000000E+00
   0.44141   0.01000 -0.6620066E-01 -0.6620066E-01 -0.6620066E-01  0.0000000E+00  0.0000000E+00  0.0000000E+00
   0.45707   0.01000 -0.7016105E-01 -0.7016105E-01 -0.7016105E-01  0.0000000E+00  0.0000000E+00  0.0000000E+00
   0.47273   0.01000 -0.7628153E-01 -0.7628153E-01 -0.7628153E-01  0.0000000E+00  0.0000000E+00  0.0000000E+00
   0.48838   0.01000 -0.9926283E-01 -0.9926283E-01 -0.9926283E-01  0.0000000E+00  0.0000000E+00  0.0000000E+00
   0.50404   0.01000 -0.1050156E+00 -0.1050156E+00 -0.1050156E+00  0.0000000E+00  0.0000000E+00  0.0000000E+00
   0.51970   0.01000 -0.8554316E-01 -0.8554316E-01 -0.8554316E-01  0.0000000E+00  0.0000000E+00  0.0000000E+00
   0.53535   0.01000 -0.9922211E-01 -0.9922211E-01 -0.9922211E-01  0.0000000E+00  0.0000000E+00  0.0000000E+00
   0.55101   0.01000 -0.1265335E+00 -0.1265335E+00 -0.1265335E+00  0.0000000E+00  0.0000000E+00  0.0000000E+00
   0.56667   0.01000 -0.1197461E+00 -0.1197461E+00 -0.1197461E+00  0.0000000E+00  0.0000000E+00  0.0000000E+00
   0.58232   0.01000 -0.1137658E+00 -0.1137658E+00 -0.1137658E+00  0.0000000E+00  0.0000000E+00  0.0000000E+00
   0.59798   0.01000 -0.1165434E+00 -0.1165434E+00 -0.1165434E+00  0.0000000E+00  0.0000000E+00  0.0000000E+00
   0.61364   0.01000 -0.1260253E+00 -0.1260253E+00 -0.1260253E+00  0.0000000E+00  0.0000000E+00  0.0000000E+00
   0.62929   0.01000 -0.1151179E+00 -0.1151179E+00 -0.1151179E+00  0.0000000E+00  0.2121996-313  0.0000000E+00
   0.64495   0.01000 -0.1357967E+00 -0.1357967E+00 -0.1357967E+00  0.0000000E+00  0.0000000E+00  0.0000000E+00
   0.66061   0.01000 -0.1729733E+00 -0.1729733E+00 -0.1729733E+00  0.0000000E+00  0.0000000E+00  0.0000000E+00
   0.67626   0.01000 -0.1916769E+00 -0.1916769E+00 -0.1916769E+00  0.0000000E+00  0.0000000E+00  0.0000000E+00
   0.69192   0.01000 -0.1722637E+00 -0.1722637E+00 -0.1722637E+00  0.0000000E+00  0.0000000E+00  0.0000000E+00
   0.70758   0.01000 -0.1721874E+00 -0.1721874E+00 -0.1721874E+00  0.0000000E+00  0.0000000E+00  0.0000000E+00
   0.72323   0.01000 -0.1551895E+00 -0.1551895E+00 -0.1551895E+00  0.0000000E+00  0.0000000E+00  0.0000000E+00
   0.73889   0.01000 -0.1765202E+00 -0.1765202E+00 -0.1765202E+00  0.0000000E+00  0.0000000E+00  0.0000000E+00
   0.75455   0.01000 -0.2056845E+00 -0.2056845E+00 -0.2056845E+00  0.0000000E+00  0.0000000E+00  0.0000000E+00
   0.77020   0.01000 -0.2338876E+00 -0.2338876E+00 -0.2338876E+00  0.0000000E+00  0.0000000E+00  0.0000000E+00
   0.78586   0.01000 -0.3097507E+00 -0.3097507E+00 -0.3097507E+00  0.0000000E+00  0.0000000E+00  0.0000000E+00
   0.80152   0.01000 -0.3098247E+00 -0.3098247E+00 -0.3098247E+00  0.0000000E+00  0.0000000E+00  0.0000000E+00
   0.81717   0.01000 -0.3205115E+00 -0.3205115E+00 -0.3205115E+00  0.0000000E+00  0.0000000E+00  0.0000000E+00
   0.83283   0.01000 -0.3134435E+00 -0.3134435E+00 -0.3134435E+00  0.0000000E+00  0.0000000E+00  0.0000000E+00
   0.84848   0.01000 -0.2538987E+00 -0.2538987E+00 -0.2538987E+00  0.0000000E+00  0.0000000E+00  0.0000000E+00
   0.86414   0.01000 -0.2618283E+00 -0.2618283E+00 -0.2618283E+00  0.0000000E+00  0.0000000E+00  0.0000000E+00
   0.87980   0.01000 -0.3804468E+00 -0.3804468E+00 -0.3804468E+00  0.0000000E+00  0.0000000E+00  0.0000000E+00
   0.89545   0.01000 -0.4593413E+00 -0.4593413E+00 -0.4593413E+00  0.0000000E+00  0.0000000E+00  0.0000000E+00
   0.91111   0.01000 -0.6125294E+00 -0.6125294E+00 -0.6125294E+00  0.0000000E+00  0.0000000E+00  0.0000000E+00
   0.92677   0.01000 -0.5904716E+00 -0.5904716E+00 -0.5904716E+00  0.0000000E+00  0.0000000E+00  0.0000000E+00
   0.94242   0.01000 -0.5926728E+00 -0.5926728E+00 -0.5926728E+00  0.4940656-323  0.0000000E+00  0.0000000E+00
   0.95808   0.01000 -0.6284935E+00 -0.6284935E+00 -0.6284935E+00  0.0000000E+00  0.0000000E+00  0.0000000E+00
   0.97374   0.01000 -0.5963373E+00 -0.5963373E+00 -0.5963373E+00  0.0000000E+00  0.0000000E+00  0.0000000E+00
   0.98939   0.01000 -0.6331929E+00 -0.6331929E+00 -0.6331929E+00  0.0000000E+00  0.0000000E+00  0.0000000E+00
   1.00505   0.01000 -0.9597261E+00 -0.9597261E+00 -0.9597261E+00  0.0000000E+00  0.0000000E+00  0.0000000E+00
   1.02071   0.01000 -0.1049136E+01 -0.1049136E+01 -0.1049136E+01  0.0000000E+00  0.0000000E+00  0.0000000E+00
   1.03636   0.01000 -0.1161284E+01 -0.1161284E+01 -0.1161284E+01  0.0000000E+00  0.0000000E+00  0.0000000E+00
   1.05202   0.01000 -0.1460834E+01 -0.1460834E+01 -0.1460834E+01  0.0000000E+00  0.0000000E+00  0.0000000E+00
   1.06768   0.01000 -0.1658402E+01 -0.1658402E+01 -0.1658402E+01  0.0000000E+00  0.0000000E+00  0.0000000E+00
   1.08333   0.01000 -0.1597559E+01 -0.1597559E+01 -0.1597559E+01  0.0000000E+00  0.0000000E+00  0.0000000E+00
   1.09899   0.01000 -0.1779661E+01 -0.1779661E+01 -0.1779661E+01  0.0000000E+00  0.0000000E+00  0.0000000E+00
   1.11465   0.01000 -0.2364647E+01 -0.2364647E+01 -0.2364647E+01  0.0000000E+00  0.0000000E+00  0.0000000E+00
   1.13030   0.01000 -0.2228079E+01 -0.2228079E+01 -0.2228079E+01  0.0000000E+00  0.0000000E+00  0.0000000E+00
   1.14596   0.01000 -0.2542834E+01 -0.2542834E+01 -0.2542834E+01  0.0000000E+00  0.0000000E+00  0.0000000E+00
   1.16162   0.01000 -0.3820025E+01 -0.3820025E+01 -0.3820025E+01  0.2121996-313  0.0000000E+00  0.0000000E+00
   1.17727   0.01000 -0.5125329E+01 -0.5125329E+01 -0.5125329E+01  0.0000000E+00  0.0000000E+00  0.0000000E+00
   1.19293   0.01000 -0.6427475E+01 -0.6427475E+01 -0.6427475E+01  0.0000000E+00  0.0000000E+00  0.0000000E+00
   1.20859   0.01000 -0.6336316E+01 -0.6336316E+01 -0.6336316E+01  0.0000000E+00  0.0000000E+00  0.0000000E+00
   1.22424   0.01000 -0.6608007E+01 -0.6608007E+01 -0.6608007E+01  0.0000000E+00  0.0000000E+00  0.0000000E+00
   1.23990   0.01000 -0.7280833E+01 -0.7280833E+01 -0.7280833E+01  0.0000000E+00  0.0000000E+00  0.0000000E+00
   1.25556   0.01000 -0.8596046E+01 -0.8596046E+01 -0.8596046E+01  0.0000000E+00  0.0000000E+00  0.0000000E+00
   1.27121   0.01000 -0.7618796E+01 -0.7618796E+01 -0.7618796E+01  0.0000000E+00  0.0000000E+00  0.0000000E+00
   1.28687   0.01000 -0.5213117E+01 -0.5213117E+01 -0.5213117E+01  0.0000000E+00  0.0000000E+00  0.4940656-323
   1.30253   0.01000 -0.4815685E+01 -0.4815685E+01 -0.4815685E+01  0.0000000E+00  0.0000000E+00  0.0000000E+00
   1.31818   0.01000 -0.3000319E+01 -0.3000319E+01 -0.3000319E+01  0.0000000E+00  0.0000000E+00  0.0000000E+00
   1.33384   0.01000 -0.2174538E+01 -0.2174538E+01 -0.2174538E+01  0.0000000E+00  0.0000000E+00  0.0000000E+00
   1.34949   0.01000 -0.1556745E+01 -0.1556745E+01 -0.1556745E+01  0.0000000E+00  0.0000000E+00  0.0000000E+00
   1.36515   0.01000 -0.1320679E+01 -0.1320679E+01 -0.1320679E+01  0.0000000E+00  0.0000000E+00  0.0000000E+00
   1.38081   0.01000 -0.1203819E+01 -0.1203819E+01 -0.1203819E+01  0.0000000E+00  0.0000000E+00  0.0000000E+00
   1.39646   0.01000 -0.9801393E+00 -0.9801393E+00 -0.9801393E+00  0.0000000E+00  0.0000000E+00  0.0000000E+00
   1.41212   0.01000 -0.7790658E+00 -0.7790658E+00 -0.7790658E+00  0.0000000E+00  0.0000000E+00  0.0000000E+00
   1.42778   0.01000 -0.7267313E+00 -0.7267313E+00 -0.7267313E+00  0.0000000E+00  0.0000000E+00  0.0000000E+00
   1.44343   0.01000 -0.6219253E+00 -0.6219253E+00 -0.6219253E+00  0.0000000E+00  0.0000000E+00  0.0000000E+00
   1.45909   0.01000 -0.4715212E+00 -0.4715212E+00 -0.4715212E+00  0.0000000E+00  0.0000000E+00  0.0000000E+00
   1.47475   0.01000 -0.4498773E+00 -0.4498773E+00 -0.4498773E+00  0.0000000E+00  0.0000000E+00  0.0000000E+00
   1.49040   0.01000 -0.4044986E+00 -0.4044986E+00 -0.4044986E+00  0.0000000E+00  0.0000000E+00  0.0000000E+00
   1.50606   0.01000 -0.3964755E+00 -0.3964755E+00 -0.3964755E+00  0.0000000E+00  0.0000000E+00  0.2121996-313
   1.52172   0.01000 -0.3831832E+00 -0.3831832E+00 -0.3831832E+00  0.0000000E+00  0.0000000E+00  0.0000000E+00
   1.53737   0.01000 -0.3114775E+00 -0.3114775E+00 -0.3114775E+00  0.0000000E+00  0.0000000E+00  0.0000000E+00
   1.55303   0.01000 -0.3056687E+00 -0.3056687E+00 -0.3056687E+00  0.0000000E+00  0.0000000E+00  0.0000000E+00
   1.56869   0.01000 -0.2529406E+00 -0.2529406E+00 -0.2529406E+00  0.0000000E+00  0.0000000E+00  0.0000000E+00
   1.58434   0.01000 -0.2113628E+00 -0.2113628E+00 -0.2113628E+00  0.0000000E+00  0.0000000E+00  0.0000000E+00
   1.60000   0.01000 -0.2008056E+00 -0.2008056E+00 -0.2008056E+00  0.0000000E+00  0.0000000E+00  0.0000000E+00
