#  Re(w)     Im(w)    e11            e22            e33            e12            e13            e23
   0.05000   0.01000  0.1409418E+02  0.1409418E+02  0.1409418E+02  0.4440892E-14 -0.8881784E-15 -0.4440892E-14
   0.06566   0.01000  0.1442970E+02  0.1442970E+02  0.1442970E+02  0.7993606E-14 -0.4440892E-14  0.8881784E-15
   0.08131   0.01000  0.1488673E+02  0.1488673E+02  0.1488673E+02  0.8881784E-15 -0.8881784E-15 -0.8881784E-15
   0.09697   0.01000  0.1549382E+02  0.1549382E+02  0.1549382E+02 -0.8881784E-14 -0.2664535E-14  0.5329071E-14
   0.11263   0.01000  0.1629557E+02  0.1629557E+02  0.1629557E+02  0.2664535E-14  0.0000000E+00 -0.5329071E-14
   0.12828   0.01000  0.1736430E+02  0.1736430E+02  0.1736430E+02 -0.7105427E-14 -0.8881784E-14  0.5329071E-14
   0.14394   0.01000  0.1882529E+02  0.1882529E+02  0.1882529E+02 -0.1953993E-13 -0.1598721E-13  0.1243450E-13
   0.15960   0.01000  0.2091777E+02  0.2091777E+02  0.2091777E+02  0.8881784E-14  0.1243450E-13 -0.8881784E-14
   0.17525   0.01000  0.2415393E+02  0.2415393E+02  0.2415393E+02 -0.1776357E-14  0.8881784E-14 -0.5329071E-14
   0.19091   0.01000  0.2912030E+02  0.2912030E+02  0.2912030E+02 -0.8881784E-14 -0.5329071E-14  0.8881784E-14
   0.20657   0.01000  0.2741350E+02  0.2741350E+02  0.2741350E+02 -0.1243450E-13  0.8881784E-14  0.1598721E-13
   0.22222   0.01000  0.2508031E+02  0.2508031E+02  0.2508031E+02 -0.1953993E-13 -0.1598721E-13  0.8881784E-14
   0.23788   0.01000  0.2360764E+02  0.2360764E+02  0.2360764E+02 -0.5329071E-14 -0.8881784E-14  0.1243450E-13
   0.25354   0.01000  0.2074417E+02  0.2074417E+02  0.2074417E+02 -0.1776357E-14 -0.1776357E-14 -0.8881784E-14
   0.26919   0.01000  0.1122472E+02  0.1122472E+02  0.1122472E+02 -0.7105427E-14 -0.5329071E-14  0.5329071E-14
   0.28485   0.01000 -0.1398099E+01 -0.1398099E+01 -0.1398099E+01 -0.2220446E-15  0.1110223E-14 -0.1110223E-14
   0.30051   0.01000 -0.2250733E+01 -0.2250733E+01 -0.2250733E+01  0.0000000E+00 -0.1776357E-14  0.4440892E-15
   0.31616   0.01000 -0.1522702E+02 -0.1522702E+02 -0.1522702E+02  0.1776357E-14 -0.3552714E-14  0.3552714E-14
   0.33182   0.01000 -0.1285336E+02 -0.1285336E+02 -0.1285336E+02 -0.8881784E-15  0.0000000E+00  0.8881784E-15
   0.34747   0.01000 -0.9398268E+01 -0.9398268E+01 -0.9398268E+01  0.3552714E-14  0.5329071E-14 -0.6217249E-14
   0.36313   0.01000 -0.7338127E+01 -0.7338127E+01 -0.7338127E+01  0.8881784E-15 -0.8881784E-15 -0.8881784E-15
   0.37879   0.01000 -0.5967725E+01 -0.5967725E+01 -0.5967725E+01  0.2664535E-14  0.1776357E-14 -0.3552714E-14
   0.39444   0.01000 -0.8360182E+01 -0.8360182E+01 -0.8360182E+01  0.2664535E-14  0.0000000E+00 -0.1776357E-14
   0.41010   0.01000 -0.1019748E+02 -0.1019748E+02 -0.1019748E+02  0.8881784E-15 -0.8881784E-15  0.8881784E-15
   0.42576   0.01000 -0.8048859E+01 -0.8048859E+01 -0.8048859E+01  0.5329071E-14  0.7105427E-14 -0.7105427E-14
   0.44141   0.01000 -0.7321329E+01 -0.7321329E+01 -0.7321329E+01  0.0000000E+00 -0.1776357E-14  0.8881784E-15
   0.45707   0.01000 -0.6724599E+01 -0.6724599E+01 -0.6724599E+01  0.0000000E+00  0.1776357E-14 -0.8881784E-15
   0.47273   0.01000 -0.5996621E+01 -0.5996621E+01 -0.5996621E+01  0.4440892E-15 -0.3552714E-14  0.0000000E+00
   0.48838   0.01000 -0.4872180E+01 -0.4872180E+01 -0.4872180E+01 -0.2220446E-14  0.2220446E-14 -0.1332268E-14
   0.50404   0.01000 -0.4742245E+01 -0.4742245E+01 -0.4742245E+01  0.0000000E+00  0.4884981E-14 -0.3552714E-14
   0.51970   0.01000 -0.5210650E+01 -0.5210650E+01 -0.5210650E+01  0.3108624E-14  0.3996803E-14 -0.5329071E-14
   0.53535   0.01000 -0.4432971E+01 -0.4432971E+01 -0.4432971E+01  0.8881784E-15  0.1776357E-14 -0.1776357E-14
   0.55101   0.01000 -0.3730166E+01 -0.3730166E+01 -0.3730166E+01  0.0000000E+00 -0.4440892E-15 -0.2220446E-14
   0.56667   0.01000 -0.3991255E+01 -0.3991255E+01 -0.3991255E+01  0.2664535E-14  0.2664535E-14 -0.2664535E-14
   0.58232   0.01000 -0.3841874E+01 -0.3841874E+01 -0.3841874E+01 -0.1332268E-14  0.4440892E-15  0.8881784E-15
   0.59798   0.01000 -0.3630254E+01 -0.3630254E+01 -0.3630254E+01 -0.1776357E-14  0.0000000E+00  0.0000000E+00
   0.61364   0.01000 -0.3311136E+01 -0.3311136E+01 -0.3311136E+01 -0.4440892E-15 -0.1332268E-14  0.4440892E-15
   0.62929   0.01000 -0.3206938E+01 -0.3206938E+01 -0.3206938E+01 -0.8881784E-15  0.3996803E-14 -0.1332268E-14
   0.64495   0.01000 -0.2748475E+01 -0.2748475E+01 -0.2748475E+01 -0.2220446E-15 -0.6661338E-15  0.4440892E-15
   0.66061   0.01000 -0.2418165E+01 -0.2418165E+01 -0.2418165E+01  0.6661338E-15 -0.2220446E-15  0.1110223E-14
   0.67626   0.01000 -0.2317027E+01 -0.2317027E+01 -0.2317027E+01 -0.1332268E-14  0.0000000E+00  0.0000000E+00
   0.69192   0.01000 -0.2403683E+01 -0.2403683E+01 -0.2403683E+01  0.4440892E-15 -0.4440892E-15 -0.4440892E-15
   0.70758   0.01000 -0.2285217E+01 -0.2285217E+01 -0.2285217E+01 -0.2220446E-14  0.1332268E-14  0.0000000E+00
   0.72323   0.01000 -0.2197960E+01 -0.2197960E+01 -0.2197960E+01 -0.2220446E-14 -0.2220446E-15 -0.1776357E-14
   0.73889   0.01000 -0.1877775E+01 -0.1877775E+01 -0.1877775E+01  0.8881784E-15  0.3108624E-14 -0.4440892E-15
   0.75455   0.01000 -0.1727899E+01 -0.1727899E+01 -0.1727899E+01 -0.2220446E-15  0.6661338E-15 -0.8881784E-15
   0.77020   0.01000 -0.1508164E+01 -0.1508164E+01 -0.1508164E+01 -0.1110223E-14 -0.1998401E-14  0.2220446E-15
   0.78586   0.01000 -0.1345160E+01 -0.1345160E+01 -0.1345160E+01  0.6661338E-15  0.1110223E-14 -0.1554312E-14
   0.80152   0.01000 -0.1363748E+01 -0.1363748E+01 -0.1363748E+01  0.1998401E-14  0.1998401E-14 -0.4440892E-15
   0.81717   0.01000 -0.1293679E+01 -0.1293679E+01 -0.1293679E+01 -0.2220446E-15 -0.6661338E-15  0.2220446E-15
   0.83283   0.01000 -0.1322644E+01 -0.1322644E+01 -0.1322644E+01 -0.4440892E-15 -0.2220446E-15  0.6661338E-15
   0.84848   0.01000 -0.1290639E+01 -0.1290639E+01 -0.1290639E+01  0.2220446E-15  0.2220446E-15  0.2220446E-15
   0.86414   0.01000 -0.1108833E+01 -0.1108833E+01 -0.1108833E+01  0.6661338E-15 -0.2220446E-15 -0.2220446E-15
   0.87980   0.01000 -0.9220991E+00 -0.9220991E+00 -0.9220991E+00 -0.5551115E-15 -0.7771561E-15  0.1110223E-15
   0.89545   0.01000 -0.8265924E+00 -0.8265924E+00 -0.8265924E+00 -0.7771561E-15 -0.7771561E-15  0.9992007E-15
   0.91111   0.01000 -0.7252684E+00 -0.7252684E+00 -0.7252684E+00 -0.1110223E-14  0.5551115E-15  0.0000000E+00
   0.92677   0.01000 -0.7563295E+00 -0.7563295E+00 -0.7563295E+00  0.3330669E-15  0.4440892E-15 -0.4440892E-15
   0.94242   0.01000 -0.7323115E+00 -0.7323115E+00 -0.7323115E+00 -0.3330669E-15 -0.3330669E-15  0.1110223E-15
   0.95808   0.01000 -0.6803682E+00 -0.6803682E+00 -0.6803682E+00 -0.1221245E-14  0.3330669E-15 -0.3330669E-15
   0.97374   0.01000 -0.6724266E+00 -0.6724266E+00 -0.6724266E+00  0.5551115E-15 -0.1110223E-15 -0.7771561E-15
   0.98939   0.01000 -0.5734596E+00 -0.5734596E+00 -0.5734596E+00 -0.1110223E-15 -0.1110223E-15 -0.3330669E-15
   1.00505   0.01000 -0.4556248E+00 -0.4556248E+00 -0.4556248E+00 -0.1110223E-15  0.1110223E-15 -0.3330669E-15
   1.02071   0.01000 -0.4369608E+00 -0.4369608E+00 -0.4369608E+00  0.1110223E-15  0.6661338E-15  0.8881784E-15
   1.03636   0.01000 -0.3959687E+00 -0.3959687E+00 -0.3959687E+00 -0.1110223E-15 -0.1110223E-15 -0.1110223E-15
   1.05202   0.01000 -0.3306226E+00 -0.3306226E+00 -0.3306226E+00  0.1110223E-15 -0.3330669E-15  0.1110223E-15
   1.06768   0.01000 -0.3011644E+00 -0.3011644E+00 -0.3011644E+00 -0.3330669E-15  0.1110223E-15  0.3330669E-15
   1.08333   0.01000 -0.3100989E+00 -0.3100989E+00 -0.3100989E+00  0.2220446E-15  0.6661338E-15 -0.4440892E-15
   1.09899   0.01000 -0.2727722E+00 -0.2727722E+00 -0.2727722E+00  0.3330669E-15  0.2220446E-15  0.2220446E-15
   1.11465   0.01000 -0.2114045E+00 -0.2114045E+00 -0.2114045E+00  0.0000000E+00  0.3330669E-15 -0.3330669E-15
   1.13030   0.01000 -0.2243483E+00 -0.2243483E+00 -0.2243483E+00  0.4440892E-15  0.4440892E-15 -0.6661338E-15
   1.14596   0.01000 -0.1938196E+00 -0.1938196E+00 -0.1938196E+00  0.3330669E-15  0.2220446E-15 -0.6661338E-15
   1.16162   0.01000 -0.1301796E+00 -0.1301796E+00 -0.1301796E+00 -0.5551115E-15 -0.1110223E-15  0.1110223E-15
   1.17727   0.01000 -0.8777115E-01 -0.8777115E-01 -0.8777115E-01  0.3330669E-15  0.0000000E+00  0.1110223E-15
   1.19293   0.01000 -0.4536752E-01 -0.4536752E-01 -0.4536752E-01 -0.4440892E-15 -0.2220446E-15  0.2220446E-15
   1.20859   0.01000 -0.2286936E-01 -0.2286936E-01 -0.2286936E-01  0.1110223E-15  0.2220446E-15 -0.2220446E-15
   1.22424   0.01000 -0.4692765E-02 -0.4692765E-02 -0.4692765E-02  0.1110223E-15  0.3330669E-15 -0.5551115E-15
   1.23990   0.01000 -0.1398058E-02 -0.1398058E-02 -0.1398058E-02 -0.5551115E-15 -0.1110223E-15  0.3330669E-15
   1.25556   0.01000  0.2062629E-01  0.2062629E-01  0.2062629E-01  0.1665335E-15  0.5551115E-16 -0.5551115E-16
   1.27121   0.01000  0.5935062E-01  0.5935062E-01  0.5935062E-01  0.7216450E-15  0.2220446E-15 -0.5551115E-15
   1.28687   0.01000  0.9583142E-01  0.9583142E-01  0.9583142E-01  0.5551115E-15  0.1665335E-15 -0.6106227E-15
   1.30253   0.01000  0.1033410E+00  0.1033410E+00  0.1033410E+00 -0.1665335E-15 -0.2775558E-15  0.1665335E-15
   1.31818   0.01000  0.1362918E+00  0.1362918E+00  0.1362918E+00  0.1665335E-15  0.1665335E-15  0.5551115E-16
   1.33384   0.01000  0.1673148E+00  0.1673148E+00  0.1673148E+00 -0.5551115E-16 -0.5551115E-16 -0.5551115E-16
   1.34949   0.01000  0.1910876E+00  0.1910876E+00  0.1910876E+00 -0.2775558E-15  0.2775558E-15 -0.1665335E-15
   1.36515   0.01000  0.2212104E+00  0.2212104E+00  0.2212104E+00  0.1665335E-15  0.5551115E-16 -0.1665335E-15
   1.38081   0.01000  0.2297166E+00  0.2297166E+00  0.2297166E+00 -0.5551115E-16  0.2775558E-15 -0.2775558E-15
   1.39646   0.01000  0.2535469E+00  0.2535469E+00  0.2535469E+00 -0.1665335E-15 -0.1665335E-15  0.5551115E-16
   1.41212   0.01000  0.2670656E+00  0.2670656E+00  0.2670656E+00  0.0000000E+00  0.3330669E-15  0.0000000E+00
   1.42778   0.01000  0.2889130E+00  0.2889130E+00  0.2889130E+00  0.6106227E-15  0.1665335E-15 -0.7216450E-15
   1.44343   0.01000  0.2995398E+00  0.2995398E+00  0.2995398E+00  0.1665335E-15  0.1665335E-15  0.2775558E-15
   1.45909   0.01000  0.3226193E+00  0.3226193E+00  0.3226193E+00  0.0000000E+00  0.1110223E-15 -0.1665335E-15
   1.47475   0.01000  0.3392620E+00  0.3392620E+00  0.3392620E+00  0.2220446E-15  0.5551115E-16  0.5551115E-16
   1.49040   0.01000  0.3558766E+00  0.3558766E+00  0.3558766E+00 -0.2220446E-15 -0.5551115E-16  0.3885781E-15
   1.50606   0.01000  0.3727645E+00  0.3727645E+00  0.3727645E+00 -0.3885781E-15 -0.3330669E-15  0.4440892E-15
   1.52172   0.01000  0.3742013E+00  0.3742013E+00  0.3742013E+00  0.1110223E-15  0.1110223E-15  0.0000000E+00
   1.53737   0.01000  0.3921604E+00  0.3921604E+00  0.3921604E+00 -0.2220446E-15 -0.1665335E-15  0.1665335E-15
   1.55303   0.01000  0.4019383E+00  0.4019383E+00  0.4019383E+00 -0.3330669E-15 -0.1110223E-15  0.1665335E-15
   1.56869   0.01000  0.4127491E+00  0.4127491E+00  0.4127491E+00 -0.5551115E-16  0.0000000E+00 -0.2220446E-15
   1.58434   0.01000  0.4268429E+00  0.4268429E+00  0.4268429E+00 -0.5551115E-16  0.0000000E+00  0.3885781E-15
   1.60000   0.01000  0.4434634E+00  0.4434634E+00  0.4434634E+00  0.5551115E-16 -0.5551115E-16 -0.5551115E-16
