#  Re(w)     Im(w)    e11            e22            e33            e12            e13            e23
   0.05000   0.01000  0.1811607E+00  0.1811607E+00  0.1811607E+00 -0.1387779E-16  0.4163336E-16  0.1387779E-16
   0.06566   0.01000  0.2527019E+00  0.2527019E+00  0.2527019E+00 -0.8326673E-16  0.0000000E+00  0.0000000E+00
   0.08131   0.01000  0.3392294E+00  0.3392294E+00  0.3392294E+00 -0.8326673E-16  0.8326673E-16  0.1942890E-15
   0.09697   0.01000  0.4490117E+00  0.4490117E+00  0.4490117E+00  0.2775558E-16  0.2775558E-16  0.1942890E-15
   0.11263   0.01000  0.5959528E+00  0.5959528E+00  0.5959528E+00  0.1110223E-15  0.1110223E-15 -0.5551115E-16
   0.12828   0.01000  0.8057929E+00  0.8057929E+00  0.8057929E+00  0.3885781E-15  0.1665335E-15 -0.5551115E-16
   0.14394   0.01000  0.1132606E+01  0.1132606E+01  0.1132606E+01 -0.1110223E-15 -0.1110223E-15 -0.1110223E-15
   0.15960   0.01000  0.1713135E+01  0.1713135E+01  0.1713135E+01  0.1110223E-15 -0.5551115E-15  0.1110223E-15
   0.17525   0.01000  0.3015000E+01  0.3015000E+01  0.3015000E+01 -0.6661338E-15  0.1554312E-14 -0.6661338E-15
   0.19091   0.01000  0.7560208E+01  0.7560208E+01  0.7560208E+01 -0.4440892E-15 -0.4440892E-15  0.1332268E-14
   0.20657   0.01000  0.1593177E+02  0.1593177E+02  0.1593177E+02 -0.1776357E-14 -0.8881784E-15  0.2664535E-14
   0.22222   0.01000  0.1948110E+02  0.1948110E+02  0.1948110E+02  0.0000000E+00  0.0000000E+00 -0.7105427E-14
   0.23788   0.01000  0.2368844E+02  0.2368844E+02  0.2368844E+02 -0.1776357E-14  0.7105427E-14  0.1776357E-14
   0.25354   0.01000  0.3021806E+02  0.3021806E+02  0.3021806E+02 -0.8881784E-14 -0.1243450E-13  0.1953993E-13
   0.26919   0.01000  0.4029877E+02  0.4029877E+02  0.4029877E+02 -0.3552714E-14  0.1065814E-13  0.1776357E-13
   0.28485   0.01000  0.3110503E+02  0.3110503E+02  0.3110503E+02  0.1776357E-14 -0.8881784E-14  0.8881784E-14
   0.30051   0.01000  0.3345424E+02  0.3345424E+02  0.3345424E+02  0.1065814E-13  0.1421085E-13 -0.1421085E-13
   0.31616   0.01000  0.2511766E+02  0.2511766E+02  0.2511766E+02  0.1776357E-14  0.1776357E-14  0.8881784E-14
   0.33182   0.01000  0.1611306E+02  0.1611306E+02  0.1611306E+02 -0.3552714E-14 -0.1776357E-14  0.3552714E-14
   0.34747   0.01000  0.1147364E+02  0.1147364E+02  0.1147364E+02  0.2664535E-14 -0.8881784E-15  0.2664535E-14
   0.36313   0.01000  0.1073019E+02  0.1073019E+02  0.1073019E+02 -0.2664535E-14 -0.1776357E-14  0.5329071E-14
   0.37879   0.01000  0.1200809E+02  0.1200809E+02  0.1200809E+02  0.6217249E-14  0.2664535E-14  0.8881784E-15
   0.39444   0.01000  0.1272234E+02  0.1272234E+02  0.1272234E+02  0.0000000E+00  0.8881784E-15 -0.1776357E-14
   0.41010   0.01000  0.8245613E+01  0.8245613E+01  0.8245613E+01  0.1776357E-14  0.1776357E-14 -0.3552714E-14
   0.42576   0.01000  0.5937184E+01  0.5937184E+01  0.5937184E+01  0.3996803E-14 -0.1332268E-14 -0.1332268E-14
   0.44141   0.01000  0.5697302E+01  0.5697302E+01  0.5697302E+01  0.1332268E-14  0.3552714E-14 -0.2664535E-14
   0.45707   0.01000  0.4767177E+01  0.4767177E+01  0.4767177E+01 -0.8881784E-15 -0.4440892E-15  0.4440892E-15
   0.47273   0.01000  0.3908124E+01  0.3908124E+01  0.3908124E+01  0.1554312E-14  0.2220446E-15 -0.2886580E-14
   0.48838   0.01000  0.3758632E+01  0.3758632E+01  0.3758632E+01  0.1998401E-14  0.1110223E-14 -0.6661338E-15
   0.50404   0.01000  0.4336805E+01  0.4336805E+01  0.4336805E+01 -0.1776357E-14 -0.8881784E-15 -0.4440892E-15
   0.51970   0.01000  0.3196761E+01  0.3196761E+01  0.3196761E+01 -0.4440892E-15  0.2220446E-14 -0.1332268E-14
   0.53535   0.01000  0.2642890E+01  0.2642890E+01  0.2642890E+01  0.1998401E-14  0.8881784E-15 -0.2220446E-14
   0.55101   0.01000  0.2647532E+01  0.2647532E+01  0.2647532E+01 -0.4440892E-15 -0.4440892E-15  0.8881784E-15
   0.56667   0.01000  0.2948843E+01  0.2948843E+01  0.2948843E+01  0.6661338E-15  0.8881784E-15  0.4440892E-15
   0.58232   0.01000  0.2260520E+01  0.2260520E+01  0.2260520E+01  0.2220446E-15  0.4440892E-15  0.8881784E-15
   0.59798   0.01000  0.2003880E+01  0.2003880E+01  0.2003880E+01  0.2220446E-15 -0.2220446E-15 -0.2220446E-15
   0.61364   0.01000  0.1781801E+01  0.1781801E+01  0.1781801E+01  0.5551115E-15  0.3330669E-15 -0.1110223E-15
   0.62929   0.01000  0.1414135E+01  0.1414135E+01  0.1414135E+01  0.1110223E-15 -0.1110223E-15  0.1110223E-15
   0.64495   0.01000  0.1231909E+01  0.1231909E+01  0.1231909E+01 -0.5551115E-15 -0.7771561E-15  0.7771561E-15
   0.66061   0.01000  0.1306903E+01  0.1306903E+01  0.1306903E+01 -0.3330669E-15  0.2220446E-15  0.4440892E-15
   0.67626   0.01000  0.1410244E+01  0.1410244E+01  0.1410244E+01 -0.3330669E-15  0.1110223E-15 -0.1110223E-15
   0.69192   0.01000  0.1275575E+01  0.1275575E+01  0.1275575E+01  0.2220446E-15  0.1110223E-15  0.0000000E+00
   0.70758   0.01000  0.1112190E+01  0.1112190E+01  0.1112190E+01  0.6661338E-15  0.1110223E-14 -0.1110223E-14
   0.72323   0.01000  0.8661509E+00  0.8661509E+00  0.8661509E+00 -0.1110223E-15  0.0000000E+00 -0.1110223E-15
   0.73889   0.01000  0.7118702E+00  0.7118702E+00  0.7118702E+00  0.5551115E-16 -0.5551115E-16  0.1665335E-15
   0.75455   0.01000  0.7210315E+00  0.7210315E+00  0.7210315E+00  0.5551115E-16 -0.5551115E-16 -0.1110223E-15
   0.77020   0.01000  0.6226749E+00  0.6226749E+00  0.6226749E+00  0.5551115E-16  0.2220446E-15  0.0000000E+00
   0.78586   0.01000  0.7219064E+00  0.7219064E+00  0.7219064E+00 -0.3885781E-15 -0.3885781E-15  0.1665335E-15
   0.80152   0.01000  0.7509176E+00  0.7509176E+00  0.7509176E+00  0.2775558E-15  0.5551115E-16  0.1665335E-15
   0.81717   0.01000  0.6882182E+00  0.6882182E+00  0.6882182E+00  0.2220446E-15  0.2220446E-15 -0.3330669E-15
   0.83283   0.01000  0.7034302E+00  0.7034302E+00  0.7034302E+00  0.1665335E-15  0.0000000E+00 -0.5551115E-16
   0.84848   0.01000  0.4818918E+00  0.4818918E+00  0.4818918E+00  0.2775558E-16  0.2775558E-16 -0.1387779E-15
   0.86414   0.01000  0.3548988E+00  0.3548988E+00  0.3548988E+00  0.1110223E-15  0.1110223E-15 -0.5551115E-16
   0.87980   0.01000  0.3777769E+00  0.3777769E+00  0.3777769E+00  0.2775558E-16  0.8326673E-16 -0.8326673E-16
   0.89545   0.01000  0.3802706E+00  0.3802706E+00  0.3802706E+00  0.0000000E+00  0.1942890E-15 -0.1110223E-15
   0.91111   0.01000  0.4417066E+00  0.4417066E+00  0.4417066E+00 -0.8326673E-16 -0.8326673E-16  0.1387779E-15
   0.92677   0.01000  0.4659876E+00  0.4659876E+00  0.4659876E+00  0.1110223E-15 -0.4440892E-15  0.1665335E-15
   0.94242   0.01000  0.4247787E+00  0.4247787E+00  0.4247787E+00 -0.8326673E-16 -0.5551115E-16 -0.1110223E-15
   0.95808   0.01000  0.3832378E+00  0.3832378E+00  0.3832378E+00 -0.1942890E-15 -0.1387779E-15  0.1387779E-15
   0.97374   0.01000  0.3376087E+00  0.3376087E+00  0.3376087E+00 -0.5551115E-16 -0.1110223E-15 -0.5551115E-16
   0.98939   0.01000  0.2467959E+00  0.2467959E+00  0.2467959E+00  0.1665335E-15  0.1387779E-15 -0.8326673E-16
   1.00505   0.01000  0.2683394E+00  0.2683394E+00  0.2683394E+00 -0.2775558E-16  0.5551115E-16 -0.5551115E-16
   1.02071   0.01000  0.2863293E+00  0.2863293E+00  0.2863293E+00 -0.1665335E-15 -0.1110223E-15  0.5551115E-16
   1.03636   0.01000  0.2614755E+00  0.2614755E+00  0.2614755E+00  0.2775558E-16  0.2775558E-16  0.2775558E-16
   1.05202   0.01000  0.2537402E+00  0.2537402E+00  0.2537402E+00  0.8326673E-16 -0.8326673E-16  0.1387779E-15
   1.06768   0.01000  0.2873796E+00  0.2873796E+00  0.2873796E+00  0.8326673E-16  0.2775558E-16 -0.8326673E-16
   1.08333   0.01000  0.2706272E+00  0.2706272E+00  0.2706272E+00 -0.2775558E-16 -0.5551115E-16  0.5551115E-16
   1.09899   0.01000  0.2136501E+00  0.2136501E+00  0.2136501E+00 -0.6938894E-16 -0.4163336E-16 -0.1387779E-16
   1.11465   0.01000  0.2157399E+00  0.2157399E+00  0.2157399E+00  0.9714451E-16  0.9714451E-16 -0.4163336E-16
   1.13030   0.01000  0.2296084E+00  0.2296084E+00  0.2296084E+00 -0.4163336E-16 -0.9714451E-16  0.6938894E-16
   1.14596   0.01000  0.1634993E+00  0.1634993E+00  0.1634993E+00  0.6938894E-16  0.9714451E-16 -0.1387779E-16
   1.16162   0.01000  0.1444999E+00  0.1444999E+00  0.1444999E+00  0.6938894E-16 -0.1387779E-16  0.1387779E-16
   1.17727   0.01000  0.1401358E+00  0.1401358E+00  0.1401358E+00  0.0000000E+00  0.0000000E+00  0.4163336E-16
   1.19293   0.01000  0.1409831E+00  0.1409831E+00  0.1409831E+00 -0.8326673E-16 -0.2775558E-16  0.0000000E+00
   1.20859   0.01000  0.1544338E+00  0.1544338E+00  0.1544338E+00 -0.8326673E-16 -0.4163336E-16  0.5551115E-16
   1.22424   0.01000  0.1511859E+00  0.1511859E+00  0.1511859E+00  0.4163336E-16  0.1387779E-16 -0.4163336E-16
   1.23990   0.01000  0.1373327E+00  0.1373327E+00  0.1373327E+00  0.1387779E-16  0.0000000E+00 -0.8326673E-16
   1.25556   0.01000  0.1125526E+00  0.1125526E+00  0.1125526E+00  0.7632783E-16 -0.6938894E-17 -0.6938894E-17
   1.27121   0.01000  0.9363484E-01  0.9363484E-01  0.9363484E-01 -0.3469447E-16 -0.3469447E-16 -0.6938894E-17
   1.28687   0.01000  0.9198315E-01  0.9198315E-01  0.9198315E-01  0.6938894E-17 -0.6938894E-17  0.2081668E-16
   1.30253   0.01000  0.9378914E-01  0.9378914E-01  0.9378914E-01  0.3469447E-16  0.2081668E-16 -0.3469447E-16
   1.31818   0.01000  0.7075101E-01  0.7075101E-01  0.7075101E-01 -0.6938894E-17 -0.2081668E-16  0.2081668E-16
   1.33384   0.01000  0.7221466E-01  0.7221466E-01  0.7221466E-01 -0.2775558E-16 -0.3469447E-16  0.0000000E+00
   1.34949   0.01000  0.6302790E-01  0.6302790E-01  0.6302790E-01  0.2081668E-16 -0.6938894E-17 -0.6938894E-17
   1.36515   0.01000  0.7134937E-01  0.7134937E-01  0.7134937E-01  0.2775558E-16  0.0000000E+00 -0.1387779E-16
   1.38081   0.01000  0.6930783E-01  0.6930783E-01  0.6930783E-01  0.2775558E-16  0.2081668E-16 -0.2775558E-16
   1.39646   0.01000  0.6747121E-01  0.6747121E-01  0.6747121E-01 -0.4163336E-16 -0.1387779E-16  0.2775558E-16
   1.41212   0.01000  0.5820550E-01  0.5820550E-01  0.5820550E-01 -0.1040834E-16 -0.3122502E-16  0.3122502E-16
   1.42778   0.01000  0.6360043E-01  0.6360043E-01  0.6360043E-01 -0.6938894E-17 -0.2081668E-16  0.2775558E-16
   1.44343   0.01000  0.5788559E-01  0.5788559E-01  0.5788559E-01  0.3816392E-16 -0.3469447E-17 -0.3469447E-17
   1.45909   0.01000  0.5026896E-01  0.5026896E-01  0.5026896E-01 -0.1040834E-16 -0.1040834E-16  0.1040834E-16
   1.47475   0.01000  0.5304621E-01  0.5304621E-01  0.5304621E-01 -0.3469447E-17  0.1387779E-16  0.1734723E-16
   1.49040   0.01000  0.5233699E-01  0.5233699E-01  0.5233699E-01 -0.3816392E-16 -0.3469447E-17  0.1734723E-16
   1.50606   0.01000  0.5635057E-01  0.5635057E-01  0.5635057E-01  0.3469447E-17 -0.4163336E-16  0.6938894E-17
   1.52172   0.01000  0.5480685E-01  0.5480685E-01  0.5480685E-01 -0.3122502E-16  0.3469447E-17 -0.3469447E-17
   1.53737   0.01000  0.4863892E-01  0.4863892E-01  0.4863892E-01  0.3469447E-17  0.1387779E-16  0.2081668E-16
   1.55303   0.01000  0.5015092E-01  0.5015092E-01  0.5015092E-01  0.1734723E-16  0.2775558E-16 -0.6938894E-17
   1.56869   0.01000  0.4357163E-01  0.4357163E-01  0.4357163E-01  0.1040834E-16  0.1734723E-16 -0.3122502E-16
   1.58434   0.01000  0.3882787E-01  0.3882787E-01  0.3882787E-01 -0.1387779E-16 -0.1040834E-16  0.3469447E-17
   1.60000   0.01000  0.3980860E-01  0.3980860E-01  0.3980860E-01 -0.3122502E-16 -0.3816392E-16  0.3122502E-16
