# Im(w)=  0.1000000E-01 Ry
# Re(w) (Ry)      lambda         e1             e2          n              k              R         alpha (cm^-1)
  0.5000000E-01  0.1822534E+04  0.1409418E+02  0.1811607E+00  0.3754299E+01  0.2412710E-01  0.3356382E+00  0.1663563E+04
  0.6565657E-01  0.1387930E+04  0.1442970E+02  0.2527019E+00  0.3798790E+01  0.3326084E-01  0.3401869E+00  0.3011450E+04
  0.8131313E-01  0.1120689E+04  0.1488673E+02  0.3392294E+00  0.3858583E+01  0.4395777E-01  0.3462179E+00  0.4929019E+04
  0.9696970E-01  0.9397441E+03  0.1549382E+02  0.4490117E+00  0.3936632E+01  0.5702993E-01  0.3539512E+00  0.7626110E+04
  0.1126263E+00  0.8091071E+03  0.1629557E+02  0.5959528E+00  0.4037452E+01  0.7380309E-01  0.3637141E+00  0.1146247E+05
  0.1282828E+00  0.7103578E+03  0.1736430E+02  0.8057929E+00  0.4168170E+01  0.9666027E-01  0.3760067E+00  0.1709939E+05
  0.1439394E+00  0.6330908E+03  0.1882529E+02  0.1132606E+01  0.4340773E+01  0.1304613E+00  0.3916413E+00  0.2589558E+05
  0.1595960E+00  0.5709838E+03  0.2091777E+02  0.1713135E+01  0.4577421E+01  0.1871288E+00  0.4120704E+00  0.4118383E+05
  0.1752525E+00  0.5199737E+03  0.2415393E+02  0.3015000E+01  0.4924191E+01  0.3061417E+00  0.4402700E+00  0.7398624E+05
  0.1909091E+00  0.4773304E+03  0.2912030E+02  0.7560208E+01  0.5440863E+01  0.6947618E+00  0.4814202E+00  0.1829055E+06
  0.2065657E+00  0.4411513E+03  0.2741350E+02  0.1593177E+02  0.5436925E+01  0.1465145E+01  0.5009781E+00  0.4173525E+06
  0.2222222E+00  0.4100702E+03  0.2508031E+02  0.1948110E+02  0.5330936E+01  0.1827174E+01  0.5088881E+00  0.5599274E+06
  0.2378788E+00  0.3830804E+03  0.2360764E+02  0.2368844E+02  0.5340930E+01  0.2217633E+01  0.5265688E+00  0.7274606E+06
  0.2535354E+00  0.3594241E+03  0.2074417E+02  0.3021806E+02  0.5357112E+01  0.2820369E+01  0.5569646E+00  0.9860719E+06
  0.2691919E+00  0.3385195E+03  0.1122472E+02  0.4029877E+02  0.5150609E+01  0.3912039E+01  0.6122554E+00  0.1452210E+07
  0.2848485E+00  0.3199129E+03 -0.1398099E+01  0.3110503E+02  0.3856056E+01  0.4033270E+01  0.6129288E+00  0.1584293E+07
  0.3005051E+00  0.3032452E+03 -0.2250733E+01  0.3345424E+02  0.3954689E+01  0.4229693E+01  0.6272611E+00  0.1752769E+07
  0.3161616E+00  0.2882282E+03 -0.1522702E+02  0.2511766E+02  0.2659487E+01  0.4722276E+01  0.7019493E+00  0.2058850E+07
  0.3318182E+00  0.2746284E+03 -0.1285336E+02  0.1611306E+02  0.1969553E+01  0.4090538E+01  0.6916641E+00  0.1871737E+07
  0.3474747E+00  0.2622542E+03 -0.9398268E+01  0.1147364E+02  0.1648208E+01  0.3480640E+01  0.6553283E+00  0.1667810E+07
  0.3631313E+00  0.2509470E+03 -0.7338127E+01  0.1073019E+02  0.1682453E+01  0.3188852E+01  0.6124347E+00  0.1596843E+07
  0.3787879E+00  0.2405745E+03 -0.5967725E+01  0.1200809E+02  0.1928928E+01  0.3112633E+01  0.5776172E+00  0.1625879E+07
  0.3944444E+00  0.2310254E+03 -0.8360182E+01  0.1272234E+02  0.1852454E+01  0.3433915E+01  0.6281755E+00  0.1867839E+07
  0.4101010E+00  0.2222055E+03 -0.1019748E+02  0.8245613E+01  0.1207598E+01  0.3414055E+01  0.7077672E+00  0.1930748E+07
  0.4257576E+00  0.2140343E+03 -0.8048859E+01  0.5937184E+01  0.9881435E+00  0.3004211E+01  0.6954405E+00  0.1763831E+07
  0.4414141E+00  0.2064426E+03 -0.7321329E+01  0.5697302E+01  0.9888335E+00  0.2880819E+01  0.6772362E+00  0.1753584E+07
  0.4570707E+00  0.1993711E+03 -0.6724599E+01  0.4767177E+01  0.8713065E+00  0.2735649E+01  0.6827449E+00  0.1724280E+07
  0.4727273E+00  0.1927680E+03 -0.5996621E+01  0.3908124E+01  0.7619366E+00  0.2564599E+01  0.6852018E+00  0.1671839E+07
  0.4883838E+00  0.1865883E+03 -0.4872180E+01  0.3758632E+01  0.8004096E+00  0.2347943E+01  0.6342786E+00  0.1581295E+07
  0.5040404E+00  0.1807925E+03 -0.4742245E+01  0.4336805E+01  0.9176085E+00  0.2363102E+01  0.6036879E+00  0.1642525E+07
  0.5196970E+00  0.1753458E+03 -0.5210650E+01  0.3196761E+01  0.6717378E+00  0.2379471E+01  0.6822654E+00  0.1705276E+07
  0.5353535E+00  0.1702178E+03 -0.4432971E+01  0.2642890E+01  0.6033433E+00  0.2190204E+01  0.6724389E+00  0.1616923E+07
  0.5510101E+00  0.1653812E+03 -0.3730166E+01  0.2647532E+01  0.6496392E+00  0.2037694E+01  0.6219460E+00  0.1548327E+07
  0.5666667E+00  0.1608118E+03 -0.3991255E+01  0.2948843E+01  0.6968440E+00  0.2115856E+01  0.6210810E+00  0.1653400E+07
  0.5823232E+00  0.1564882E+03 -0.3841874E+01  0.2260520E+01  0.5548413E+00  0.2037087E+01  0.6620558E+00  0.1635829E+07
  0.5979798E+00  0.1523909E+03 -0.3630254E+01  0.2003880E+01  0.5081065E+00  0.1971909E+01  0.6702112E+00  0.1626064E+07
  0.6136364E+00  0.1485028E+03 -0.3311136E+01  0.1781801E+01  0.4738012E+00  0.1880325E+01  0.6679573E+00  0.1591140E+07
  0.6292929E+00  0.1448081E+03 -0.3206938E+01  0.1414135E+01  0.3859718E+00  0.1831915E+01  0.7074215E+00  0.1589726E+07
  0.6449495E+00  0.1412928E+03 -0.2748475E+01  0.1231909E+01  0.3629420E+00  0.1697116E+01  0.6935785E+00  0.1509390E+07
  0.6606061E+00  0.1379441E+03 -0.2418165E+01  0.1306903E+01  0.4065496E+00  0.1607311E+01  0.6435206E+00  0.1464221E+07
  0.6762626E+00  0.1347505E+03 -0.2317027E+01  0.1410244E+01  0.4446494E+00  0.1585793E+01  0.6134956E+00  0.1478857E+07
  0.6919192E+00  0.1317014E+03 -0.2403683E+01  0.1275575E+01  0.3984283E+00  0.1600759E+01  0.6472548E+00  0.1527374E+07
  0.7075758E+00  0.1287872E+03 -0.2285217E+01  0.1112190E+01  0.3579632E+00  0.1553498E+01  0.6636805E+00  0.1515820E+07
  0.7232323E+00  0.1259992E+03 -0.2197960E+01  0.8661509E+00  0.2867978E+00  0.1510037E+01  0.7085433E+00  0.1506016E+07
  0.7388889E+00  0.1233294E+03 -0.1877775E+01  0.7118702E+00  0.2553505E+00  0.1393908E+01  0.7097369E+00  0.1420291E+07
  0.7545455E+00  0.1207703E+03 -0.1727899E+01  0.7210315E+00  0.2687050E+00  0.1341679E+01  0.6847770E+00  0.1396041E+07
  0.7702020E+00  0.1183153E+03 -0.1508164E+01  0.6226749E+00  0.2484817E+00  0.1252959E+01  0.6823108E+00  0.1330779E+07
  0.7858586E+00  0.1159581E+03 -0.1345160E+01  0.7219064E+00  0.3012239E+00  0.1198289E+01  0.6149361E+00  0.1298584E+07
  0.8015152E+00  0.1136931E+03 -0.1363748E+01  0.7509176E+00  0.3107018E+00  0.1208422E+01  0.6089616E+00  0.1335656E+07
  0.8171717E+00  0.1115148E+03 -0.1293679E+01  0.6882182E+00  0.2929767E+00  0.1174527E+01  0.6159324E+00  0.1323551E+07
  0.8328283E+00  0.1094184E+03 -0.1322644E+01  0.7034302E+00  0.2961603E+00  0.1187584E+01  0.6166689E+00  0.1363904E+07
  0.8484848E+00  0.1073993E+03 -0.1290639E+01  0.4818918E+00  0.2086011E+00  0.1155056E+01  0.7014514E+00  0.1351485E+07
  0.8641414E+00  0.1054535E+03 -0.1108833E+01  0.3548988E+00  0.1664495E+00  0.1066086E+01  0.7333761E+00  0.1270402E+07
  0.8797980E+00  0.1035769E+03 -0.9220991E+00  0.3777769E+00  0.1928546E+00  0.9794345E+00  0.6761732E+00  0.1188290E+07
  0.8954545E+00  0.1017659E+03 -0.8265924E+00  0.3802706E+00  0.2040541E+00  0.9317888E+00  0.6478755E+00  0.1150602E+07
  0.9111111E+00  0.1000171E+03 -0.7252684E+00  0.4417066E+00  0.2489165E+00  0.8872586E+00  0.5757744E+00  0.1114771E+07
  0.9267677E+00  0.9832745E+02 -0.7563295E+00  0.4659876E+00  0.2569317E+00  0.9068315E+00  0.5721763E+00  0.1158942E+07
  0.9424242E+00  0.9669393E+02 -0.7323115E+00  0.4247787E+00  0.2390397E+00  0.8885108E+00  0.5886907E+00  0.1154711E+07
  0.9737374E+00  0.9358448E+02 -0.6724266E+00  0.3376087E+00  0.1999928E+00  0.8440520E+00  0.6283363E+00  0.1133379E+07
  0.9893939E+00  0.9210356E+02 -0.5734596E+00  0.2467959E+00  0.1594543E+00  0.7738768E+00  0.6717730E+00  0.1055857E+07
  0.1005051E+01  0.9066878E+02 -0.4556248E+00  0.2683394E+00  0.1912425E+00  0.7015686E+00  0.5997557E+00  0.9723491E+06
  0.1020707E+01  0.8927802E+02 -0.4369608E+00  0.2863293E+00  0.2067074E+00  0.6925957E+00  0.5728814E+00  0.9748664E+06
  0.1036364E+01  0.8792928E+02 -0.3959687E+00  0.2614755E+00  0.1981694E+00  0.6597271E+00  0.5763007E+00  0.9428458E+06
  0.1067677E+01  0.8535046E+02 -0.3011644E+00  0.2873796E+00  0.2399096E+00  0.5989332E+00  0.4938875E+00  0.8818249E+06
  0.1083333E+01  0.8411696E+02 -0.3100989E+00  0.2706272E+00  0.2252598E+00  0.6007003E+00  0.5161173E+00  0.8973960E+06
  0.1098990E+01  0.8291860E+02 -0.2727722E+00  0.2136501E+00  0.1919787E+00  0.5564423E+00  0.5562318E+00  0.8432921E+06
  0.1130303E+01  0.8062148E+02 -0.2243483E+00  0.2296084E+00  0.2198512E+00  0.5221904E+00  0.5005424E+00  0.8139318E+06
  0.1161616E+01  0.7844821E+02 -0.1301796E+00  0.1444999E+00  0.1793208E+00  0.4029089E+00  0.5381701E+00  0.6454070E+06
  0.1177273E+01  0.7740492E+02 -0.8777115E-01  0.1401358E+00  0.1969549E+00  0.3557561E+00  0.4947489E+00  0.5775553E+06
  0.1224242E+01  0.7443518E+02 -0.4692765E-02  0.1511859E+00  0.2707083E+00  0.2792414E+00  0.3602830E+00  0.4714237E+06
  0.1271212E+01  0.7168489E+02  0.5935062E-01  0.9363484E-01  0.2917283E+00  0.1604830E+00  0.3112780E+00  0.2813268E+06
  0.1286869E+01  0.7081275E+02  0.9583142E-01  0.9198315E-01  0.3381303E+00  0.1360173E+00  0.2523762E+00  0.2413752E+06
  0.1349495E+01  0.6752653E+02  0.1910876E+00  0.6302790E-01  0.4428890E+00  0.7115541E-01  0.1511437E+00  0.1324169E+06
  0.1365152E+01  0.6675208E+02  0.2212104E+00  0.7134937E-01  0.4762577E+00  0.7490627E-01  0.1281115E+00  0.1410143E+06
  0.1380808E+01  0.6599520E+02  0.2297166E+00  0.6930783E-01  0.4845931E+00  0.7151136E-01  0.1225632E+00  0.1361672E+06
  0.1396465E+01  0.6525529E+02  0.2535469E+00  0.6747121E-01  0.5078965E+00  0.6642221E-01  0.1082353E+00  0.1279109E+06
  0.1412121E+01  0.6453179E+02  0.2670656E+00  0.5820550E-01  0.5198079E+00  0.5598751E-01  0.1010480E+00  0.1090253E+06
  0.1443434E+01  0.6313187E+02  0.2995398E+00  0.5788559E-01  0.5498279E+00  0.5263973E-01  0.8542547E-01  0.1047792E+06
  0.1459091E+01  0.6245444E+02  0.3226193E+00  0.5026896E-01  0.5697067E+00  0.4411828E-01  0.7587364E-01  0.8876978E+05
  0.1490404E+01  0.6114228E+02  0.3558766E+00  0.5233699E-01  0.5981559E+00  0.4374862E-01  0.6392470E-01  0.8991508E+05
  0.1506061E+01  0.6050667E+02  0.3727645E+00  0.5635057E-01  0.6122762E+00  0.4601728E-01  0.5859863E-01  0.9557133E+05
  0.1537374E+01  0.5927427E+02  0.3921604E+00  0.4863892E-01  0.6274255E+00  0.3876071E-01  0.5294841E-01  0.8217419E+05
  0.1568687E+01  0.5809107E+02  0.4127491E+00  0.4357163E-01  0.6433474E+00  0.3386322E-01  0.4750566E-01  0.7325356E+05
  0.1584343E+01  0.5751701E+02  0.4268429E+00  0.3882787E-01  0.6540062E+00  0.2968464E-01  0.4406641E-01  0.6485527E+05
  0.1600000E+01  0.5695419E+02  0.4434634E+00  0.3980860E-01  0.6665996E+00  0.2985946E-01  0.4032738E-01  0.6588189E+05
