   16   93    3    8.176361
    1   31
   16   0.0000000
 -11.4107 -10.6285  -8.3155  -4.4730   0.4852   6.6866  10.8564  10.8565
  10.8565  10.9706  11.4614  11.4614  11.6042  11.6042  13.4964  13.4964
 -10.6286  -8.3155  -4.6640   0.4852   6.6866  10.9035  11.4481  11.4481
  11.4482  12.8045  12.8045  12.8087  13.4964  13.4964  14.7403  14.8739
   16   0.0222220
 -11.4014 -10.6193  -8.3065  -4.4639   0.4932   6.6919  10.4140  10.5886
  11.0806  11.0858  11.4931  11.6189  11.8808  11.9206  13.5976  13.8557
 -10.6194  -8.3065  -4.6557   0.4932   6.6919  10.5035  11.0137  11.2591
  11.4313  12.5723  12.6479  12.8164  13.0570  13.3647  14.8314  14.9307
   16   0.0444440
 -11.3736 -10.5915  -8.2794  -4.4368   0.5173   6.7072   9.9052  10.0795
  10.5548  10.6020  11.5658  11.6719  12.1203  12.2347  13.4225  14.0565
 -10.5916  -8.2794  -4.6309   0.5173   6.7072  10.0516  10.5145  11.5000
  11.5268  12.0717  12.3043  12.5576  12.7042  13.3883  15.0264  15.0381
   16   0.0666670
 -11.3272 -10.5453  -8.2344  -4.3914   0.5573   6.7308   9.3527   9.5990
   9.9775  10.0842  11.7233  11.7684  12.0242  12.4917  13.4334  13.9992
 -10.5454  -8.2344  -4.5894   0.5573   6.7308   9.5037   9.9738  11.4808
  11.6782  11.6975  12.2059  12.2313  12.5817  13.2303  14.8044  14.8044
   16   0.0888890
 -11.2623 -10.4807  -8.1713  -4.3280   0.6130   6.7582   8.7755   9.1027
   9.4264   9.5455  11.4446  11.8525  11.8525  12.3055  13.2428  13.9275
 -10.4808  -8.1713  -4.5313   0.6130   6.7582   9.0047   9.3631  10.8584
  11.3898  11.5181  12.3068  12.3769  12.4756  13.2268  14.3759  14.5587
   16   0.1111110
 -11.1787 -10.3977  -8.0901  -4.2464   0.6843   6.7799   8.1864   8.5603
   8.8838   8.9956  10.9057  11.9796  11.9812  12.1098  13.2169  13.8464
 -10.3978  -8.0901  -4.4567   0.6843   6.7799   8.5050   8.7397  10.2272
  10.8760  11.0997  12.3528  12.3865  12.5426  13.0634  14.2310  14.7196
   16   0.1333330
 -11.0767 -10.2962  -7.9910  -4.1471   0.7707   6.7731   7.5945   8.0715
   8.3806   8.4402  10.4120  11.7809  12.1042  12.1870  13.1455  13.4478
 -10.2964  -7.9910  -4.3654   0.7706   6.7731   7.9016   8.1140   9.5973
  10.2999  10.7145  12.3340  12.3340  12.6562  13.1331  14.2815  14.8639
   16   0.1555560
 -10.9563 -10.1765  -7.8741  -4.0303   0.8716   6.6840   7.0061   7.5538
   7.9332   7.9757   9.9135  11.5101  12.2264  12.3145  12.9555  13.2172
 -10.1766  -7.8741  -4.2574   0.8716   6.6840   7.3815   7.4922   8.9741
   9.7246  10.3500  12.2232  12.2928  12.7736  13.2507  14.3317  14.9992
   16   0.1777780
 -10.8173 -10.0385  -7.7392  -3.8959   0.9862   6.4258   6.4260   7.1090
   7.3767   7.7485   9.4128  11.2470  12.1625  12.4391  12.8682  13.3809
 -10.0386  -7.7392  -4.1330   0.9862   6.4355   6.7794   6.9872   8.3617
   9.1544   9.9798  11.9995  12.3515  12.4390  13.3863  14.3748  15.1280
   16   0.2000000
 -10.6599  -9.8824  -7.5866  -3.7445   1.1129   5.8540   5.8580   6.6515
   6.9300   7.6962   8.9122  11.0150  11.9045  11.9046  12.9381  13.5500
  -9.8825  -7.5866  -3.9920   1.1129   6.0315   6.2494   6.5109   7.7616
   8.5914   9.6389  11.6800  12.4810  12.5422  13.5399  14.3878  15.2453
   16   0.2222220
 -10.4843  -9.7082  -7.4166  -3.5761   1.2494   5.2965   5.3064   6.2454
   6.5227   7.7415   8.4136  10.7448  11.3714  11.3714  12.9727  13.7270
  -9.7083  -7.4166  -3.8344   1.2494   5.5489   5.6628   6.0982   7.1754
   8.0379   9.3360  11.2972  12.6140  12.6870  13.7115  14.3281  15.3310
   16   0.2444440
 -10.2906  -9.5160  -7.2288  -3.3914   1.3917   4.7575   4.7765   5.7152
   6.1471   7.4956   7.9186  10.4961  10.9322  10.9322  13.0205  13.8504
  -9.5161  -7.2288  -3.6604   1.3917   5.0385   5.0898   5.7306   6.6040
   7.8308   9.0329  10.8027  12.7471  12.8388  13.9011  14.1408  15.3314
   16   0.2666670
 -10.0789  -9.3060  -7.0236  -3.1908   1.5316   4.2323   4.2772   5.1958
   5.7270   6.9657   7.4285  10.2700  10.5445  10.5446  13.1220  13.9061
  -9.3061  -7.0236  -3.4699   1.5316   4.5217   4.5316   5.2643   6.0480
   7.9350   8.7342  10.2700  12.8724  12.9948  13.8218  14.1086  15.1831
   16   0.2888890
  -9.8493  -9.0783  -6.8013  -2.9756   1.6527   3.7311   3.8250   4.6885
   5.2852   6.4493   6.9449   9.7466  10.1899  10.1900  13.2245  13.9915
  -9.0784  -6.8013  -3.2632   1.6527   4.0078   4.0084   4.8402   5.5080
   8.0298   8.5019   9.7465  12.9729  13.0690  13.4244  14.3340  14.9349
   16   0.3111110
  -9.6019  -8.8328  -6.5617  -2.7458   1.7198   3.2489   3.4549   4.1958
   4.9839   5.9483   6.4682   9.2392   9.8995   9.8995  13.3908  14.1051
  -8.8329  -6.5617  -3.0401   1.7198   3.4804   3.5030   4.5025   4.9841
   8.0799   8.2704   9.2392  12.9943  13.0168  13.3458  14.5772  14.6997
   16   0.3333330
  -9.3369  -8.5699  -6.3051  -2.5031   1.6725   2.7886   3.0083   3.7180
   4.7156   5.4644   5.9997   8.7545   9.7212   9.7212  13.5799  14.2470
  -8.5700  -6.3051  -2.8013   1.6725   2.9703   3.2257   4.1712   4.4976
   8.0332   8.0332   8.7545  12.5553  12.9591  13.5417  14.5625  14.6380
   16   0.3555560
  -9.0543  -8.2896  -6.0317  -2.2494   1.4701   2.3514   2.5259   3.2579
   4.4840   5.0024   5.5402   8.3025   9.5099   9.6896  13.8176  14.4167
  -8.2897  -6.0317  -2.5469   1.4701   2.4782   3.1747   3.8342   4.2486
   7.8471   7.8471   8.3025  12.1188  12.7782  13.6489  14.3805  14.8587
   16   0.3777780
  -8.7546  -7.9920  -5.7419  -1.9876   1.1506   1.9337   2.0570   2.8192
   4.2382   4.5741   5.0906   7.8918   9.3634   9.7876  13.7861  14.6137
  -7.9921  -5.7419  -2.2775   1.1506   2.0049   3.2524   3.4706   4.0443
   7.5318   7.5318   7.8918  11.6901  12.5041  13.6635  14.5976  15.0943
   16   0.4000000
  -8.4376  -7.6775  -5.4357  -1.7225   0.7753   1.5298   1.6020   2.4059
   3.9227   4.2234   4.6516   7.5107   9.2283   9.9720  13.3637  14.5226
  -7.6777  -5.4357  -1.9949   0.7753   1.5520   3.0547   3.3547   3.8169
   7.1421   7.1422   7.5309  11.2726  12.1805  13.7371  14.8566  15.3421
   16   0.4222220
  -8.1035  -7.3462  -5.1135  -1.4618   0.3800   1.1228   1.1615   2.0265
   3.7021   4.0945   4.2240   7.1411   9.0908  10.2113  12.9509  14.4483
  -7.3463  -5.1135  -1.7017   0.3800   1.1224   2.6144   3.3008   3.6662
   6.7291   6.7291   7.4018  10.8678  11.8362  13.7817  15.1299  15.5980
   16   0.4444440
  -7.7526  -6.9981  -4.7757  -1.2194  -0.0179   0.7349   0.7363   1.6954
   3.6530   3.8622   4.2409   6.7775   9.0167  10.4885  12.5485  14.4910
  -6.9982  -4.7757  -1.4042  -0.0179   0.7226   2.1911   3.0214   3.3345
   6.3167   6.3167   7.3115  10.4768  11.4871  13.6773  15.4159  15.8216
   16   0.4666670
  -7.3850  -6.6337  -4.4230  -1.0202  -0.4103   0.3262   0.3711   1.4368
   3.4049   3.6083   4.5031   6.4197   8.9241  10.7943  12.1571  14.3386
  -6.6339  -4.4230  -1.1209  -0.3866   0.3262   1.7847   2.6671   3.2719
   5.9136   5.9136   7.2169  10.1003  11.1415  13.7899  15.7103  15.9629
   16   0.4888890
  -7.0010  -6.2530  -4.0560  -0.9020  -0.7928  -0.0682   0.1282   1.2889
   3.0147   3.4372   4.8117   6.0701   8.8598  10.8050  11.7773  14.4216
  -6.2531  -4.0560  -0.9122  -0.6641  -0.0682   1.3952   2.3036   3.2127
   5.5236   5.5236   7.1300   9.7388  11.1238  13.6624  15.9848  16.0407
   16   0.5111110
  -6.6010  -5.8564  -3.6762  -1.1627  -1.1627  -0.4466   0.1306   1.2877
   2.6380   3.3283   5.1467   5.7303   8.8608  10.4813  11.4096  14.3271
  -5.8566  -3.6762  -0.9146  -0.8891  -0.4466   1.0226   1.9483   3.1641
   5.1482   5.1482   7.1138   9.3921  11.4740  13.7785  15.9864  16.2795
   16   0.5333330
  -6.1849  -5.4442  -3.2858  -1.5177  -1.5176  -0.8091   0.2757   1.4336
   2.2752   3.2685   5.4012   5.4012   8.8146  10.1740  11.0544  14.3833
  -5.4444  -3.2858  -1.1260  -1.0169  -0.8091   0.6668   1.6081   3.0456
   4.7883   5.4995   7.0906   9.0607  11.8425  13.6979  15.7126  16.6176
   16   0.5555560
  -5.7529  -5.0168  -2.8906  -1.8531  -1.8531  -1.1552   0.2411   1.2874
   1.9270   3.2488   5.0845   5.0845   8.8268   9.8873  10.7121  14.3990
  -5.0169  -2.8906  -1.4102  -1.2147  -1.1552   0.3280   1.2873   2.9638
   4.4446   5.8641   7.0580   8.7453  12.2280  13.7682  15.4183  16.9713
   16   0.5777780
  -5.3058  -4.5748  -2.5255  -2.1543  -2.1375  -1.4563   0.2143   0.9914
   1.5944   3.2629   4.7805   4.7805   8.8862   9.6271  10.3836  14.4274
  -4.5750  -2.5255  -1.7080  -1.4846  -1.2487   0.0061   1.1288   2.9203
   4.1174   6.2339   7.1042   8.4456  12.6281  13.7860  15.1323  17.3417
   16   0.6000000
  -4.8433  -4.1191  -2.5582  -2.3884  -2.0107  -1.7165   0.2199   0.7284
   1.2765   3.3016   4.4904   4.4904   8.9081   9.4031  10.0682  14.5450
  -4.1193  -2.5582  -2.0014  -1.7967  -1.2881  -0.2990   1.5585   2.9214
   3.8068   6.5987   7.1523   8.1613  13.0400  13.8084  14.8590  17.7240
   16   0.6222220
  -4.3661  -3.6520  -2.8324  -2.5293  -2.0898  -1.9813   0.2481   0.5158
   0.9745   3.3374   4.2151   4.2151   8.9980   9.2339   9.7667  14.5521
  -3.6521  -2.7919  -2.2840  -1.6458  -1.2709  -0.5873   2.0116   2.9918
   3.5131   6.9396   7.1910   7.8927  13.4570  13.9280  14.6000  18.1160
   16   0.6444440
  -3.8748  -3.1809  -3.1079  -2.5547  -2.3566  -2.2429   0.3132   0.3911
   0.6891   3.2520   3.9555   3.9555   9.1066   9.1528   9.4793  14.7578
  -3.1810  -2.8659  -2.5535  -1.3199  -1.2247  -0.8588   2.4848   3.2364
   3.2364   7.2230   7.2830   7.6398  13.8564  13.9131  14.3548  18.5144
   16   0.6666670
  -3.3707  -3.3707  -3.3707  -2.4964  -2.4964  -2.4964   0.4211   0.4211
   0.4211   3.7120   3.7120   3.7120   9.2062   9.2062   9.2062  14.7480
  -2.8079  -2.8079  -2.8079  -1.1138  -1.1138  -1.1138   2.9770   2.9770
   2.9770   7.4021   7.4021   7.4021  14.1243  14.1243  14.1243  18.9134
   32   62
   16   0.6666670
  -3.3707  -3.3707  -3.3707  -2.4964  -2.4964  -2.4964   0.4211   0.4211
   0.4211   3.7120   3.7120   3.7120   9.2062   9.2062   9.2062  14.7480
  -2.8079  -2.8079  -2.8079  -1.1138  -1.1138  -1.1138   2.9770   2.9770
   2.9770   7.4021   7.4021   7.4021  14.1243  14.1243  14.1243  18.9134
   16   0.6777788
  -3.4965  -3.4965  -3.1139  -2.6192  -2.4173  -2.3427   0.2939   0.5009
   0.5115   3.5970   3.5971   3.9489   9.0749   9.2928   9.2928  14.6365
  -2.9293  -2.8341  -2.7394  -1.2349  -1.0738  -1.0490   2.8539   2.8540
   3.2299   7.2893   7.4431   7.4431  14.0145  14.1341  14.1341  18.5142
   16   0.6888892
  -3.6182  -3.6182  -2.9314  -2.7390  -2.3067  -2.1114   0.1717   0.5720
   0.6493   3.4866   3.4872   4.1899   8.9473   9.3721   9.4174  14.5265
  -3.0468  -2.9314  -2.6187  -1.3520  -1.0729  -0.9780   2.7352   2.7352
   3.4866   7.1803   7.4539   7.5131  13.9083  14.0787  14.1373  18.1115
   16   0.7000009
  -3.7360  -3.7360  -3.0396  -2.8556  -2.1923  -1.8626   0.0548   0.6620
   0.8250   3.3810   3.5707   4.4348   8.8232   9.4303   9.5744  14.4184
  -3.1603  -3.0396  -2.4739  -1.4648  -1.1022  -0.8824   2.6210   2.6210
   3.5628   7.0752   7.4396   7.5983  13.8057  13.9937  14.2960  17.7185
   16   0.7111118
  -3.8496  -3.8496  -3.1483  -2.9688  -2.0480  -1.6074  -0.0562   0.7647
   1.0291   3.2805   3.8258   4.6826   8.7027   9.5284   9.7575  14.3123
  -3.2698  -3.1483  -2.2928  -1.5735  -1.1518  -0.7777   2.5112   2.5112
   3.4878   6.9740   7.4067   7.6512  13.7064  13.8958  14.3723  17.3371
   16   0.7222231
  -3.9593  -3.9592  -3.2548  -3.0780  -1.8810  -1.3485  -0.1603   0.8647
   1.2538   3.1857   3.7529   4.9347   8.5856   9.6326   9.9609  14.2085
  -3.3752  -3.2548  -2.0638  -1.6781  -1.2142  -0.6663   2.4061   2.4061
   3.7236   6.8767   7.3608   7.7452  13.6110  13.7915  14.3549  16.9697
   16   0.7333340
  -4.0648  -4.0648  -3.3580  -3.1840  -1.7209  -1.2841  -0.2554   0.9928
   1.4939   3.0968   4.0223   5.1900   8.4721   9.7024  10.1802  14.1070
  -3.4766  -3.3581  -1.8022  -1.7507  -1.0878  -0.5476   2.3058   2.3058
   3.6633   6.7832   7.3063   7.8417  13.5189  13.6831  14.4810  16.5826
   16   0.7444452
  -4.1662  -4.1661  -3.4577  -3.2862  -1.5238  -1.3580  -0.3374   1.1066
   1.7457   3.0147   3.9631   5.4483   8.3619   9.8111  10.4120  14.0078
  -3.5738  -3.4577  -1.8748  -1.5451  -0.8263  -0.4134   2.2102   2.2102
   3.9358   6.6936   7.2465   7.9064  13.4304  13.5710  14.6209  16.1882
   16   0.7555561
  -4.2632  -4.2632  -3.5534  -3.3845  -1.4334  -1.3038  -0.3962   1.2416
   2.0070   2.9402   4.2121   5.7095   8.2550   9.9389  10.6540  13.9111
  -3.6670  -3.5534  -1.9669  -1.4334  -0.5654  -0.2615   2.1198   2.1198
   3.8641   6.6079   7.1840   8.0251  13.3452  13.4546  14.6323  15.8511
   16   0.7666674
  -4.3562  -4.3562  -3.6451  -3.4788  -1.5090  -1.1033  -0.4069   1.3836
   2.2759   2.8746   4.2285   5.9734   8.1512  10.0194  10.9041  13.8168
  -3.7561  -3.6451  -2.0549  -1.5090  -0.3068  -0.1023   2.0347   2.2759
   4.1367   6.5260   7.1201   8.1329  13.2635  13.3324  14.6827  15.4616
   16   0.7777783
  -4.4449  -4.4449  -3.7328  -3.5691  -1.5836  -0.9877  -0.3249   1.5220
   2.5512   2.8195   4.4205   6.2399   8.0506  10.1380  11.1609  13.7249
  -3.8410  -3.7328  -2.1388  -1.5836  -0.0528   0.0651   1.9553   2.5512
   4.1451   6.4480   7.0564   8.2095  13.1850  13.2018  14.8768  15.0736
   16   0.7888896
  -4.5293  -4.5293  -3.8163  -3.6554  -1.6563  -0.9675  -0.1405   1.6747
   2.7777   2.7777   4.5311   6.5087   7.9528  10.2872  11.4236  13.6354
  -3.9219  -3.8163  -2.2185  -1.6563   0.1932   0.2416   1.8823   2.8323
   4.3622   6.3742   6.9938   8.3527  13.0593  13.0593  14.6362  14.7828
   16   0.8000005
  -4.6095  -4.6095  -3.8957  -3.7375  -1.7267  -0.9995   0.1029   1.8166
   2.7529   2.7529   4.6531   6.7790   7.8576  10.3771  11.6911  13.5480
  -3.9987  -3.8958  -2.2942  -1.7268   0.4265   0.4352   1.8166   3.1186
   4.4549   6.3038   6.9327   8.4719  12.9004  12.9004  14.3283  14.5939
   16   0.8111122
  -4.6855  -4.6855  -3.9709  -3.8153  -1.7944  -1.0513   0.3732   1.7595
   2.7503   2.7503   4.8721   6.8738   7.7646  10.5038  11.9624  13.4626
  -4.0712  -3.9710  -2.3658  -1.7944   0.6404   0.6405   1.7594   3.4092
   4.6135   6.2373   6.8738   8.5693  12.7198  12.7199  13.9956  14.3835
   16   0.8222226
  -4.7572  -4.7572  -4.0419  -3.8889  -1.8590  -1.1098   0.6568   1.7130
   2.7771   2.7772   4.9114   6.8178   7.6734  10.6651  12.2365  13.2550
  -4.1397  -4.0419  -2.4332  -1.8591   0.8259   0.8440   1.7130   3.7039
   4.7767   6.1746   6.8857   8.7286  12.5127  12.5127  13.6455  14.1482
   16   0.8333344
  -4.8246  -4.8246  -4.1086  -3.9582  -1.9205  -1.1695   0.9483   1.6793
   2.8411   2.8411   5.2124   6.7649   7.5837  10.7676  12.5117  12.8749
  -4.2039  -4.1087  -2.4967  -1.9205   0.9728   1.0508   1.6793   4.0020
   4.8904   6.1157   7.1912   8.8593  12.2760  12.5117  13.2837  13.9445
   16   0.8444448
  -4.8877  -4.8877  -4.1711  -4.0233  -1.9782  -1.2279   1.2451   1.6595
   2.9484   2.9485   5.1983   6.7160   7.4947  10.9000  12.3855  12.7853
  -4.2641  -4.1711  -2.5559  -1.9782   1.0736   1.2274   1.6595   4.3030
   5.1102   6.0606   7.4992   8.9823  12.0102  12.5023  12.9147  13.7638
   16   0.8555565
  -4.9466  -4.9466  -4.2293  -4.0838  -2.0325  -1.2839   1.3740   1.6511
   3.1008   3.1009   5.5010   6.6710   7.4057  11.0655  12.1819  12.7718
  -4.3201  -4.2293  -2.6111  -2.0325   1.1292   1.2509   1.6511   4.6060
   5.1906   6.0094   7.8092   9.1529  11.7187  12.1492  13.0487  13.5885
   16   0.8666669
  -5.0010  -5.0010  -4.2832  -4.1401  -2.0830  -1.3367   1.4806   1.6479
   3.2883   3.2940   5.6182   6.6313   7.3157  11.1775  11.9321  12.3925
  -4.3720  -4.2833  -2.6621  -2.0830   1.1495   1.1984   1.8862   4.9104
   5.4369   5.9619   8.1209   9.2953  11.4066  11.8955  13.2668  13.4216
   16   0.8777787
  -5.0512  -5.0512  -4.3329  -4.1920  -2.1298  -1.3860   1.5548   1.6443
   3.4832   3.5209   5.8085   6.5983   7.2234  11.0795  11.7748  12.0203
  -4.4197  -4.3329  -2.7091  -2.1298   1.1473   1.1495   2.1664   5.2140
   5.5065   5.9183   8.4336   9.4434  11.0794  11.6737  13.2639  13.2639
   16   0.8888891
  -5.0969  -5.0969  -4.3782  -4.2394  -2.1726  -1.4314   1.6026   1.6376
   3.7065   3.7731   6.0793   6.5756   7.1271  10.7421  11.4851  11.7849
  -4.4633  -4.3783  -2.7519  -2.1726   1.1331   1.1331   2.4618   5.5132
   5.7122   5.8785   8.7467   9.6257  10.7420  11.5526  12.9851  13.1154
   16   0.9000009
  -5.1385  -5.1385  -4.4193  -4.2824  -2.2115  -1.4728   1.6279   1.6279
   3.9268   4.0438   6.1137   6.5707   7.0251  10.3983  11.4756  11.6619
  -4.5027  -4.4193  -2.7907  -2.2115   1.1132   1.1132   2.7679   5.7992
   5.7992   6.1049   9.0592   9.7339  10.3982  11.3130  12.6390  12.9746
   16   0.9111117
  -5.1756  -5.1756  -4.4560  -4.3209  -2.2464  -1.5100   1.6160   1.6161
   4.1623   4.3281   6.3992   6.6076   6.9148  10.0516  11.1047  11.7906
  -4.5380  -4.4560  -2.8254  -2.2464   1.0914   1.0914   3.0746   5.8099
   6.0478   6.2089   9.3700   9.7676  10.0515  11.1030  12.4288  12.8407
   16   0.9222230
  -5.2084  -5.2084  -4.4883  -4.3549  -2.2773  -1.5430   1.6033   1.6033
   4.4001   4.6214   6.6390   6.7351   6.7942   9.8131  10.9284  11.8456
  -4.5691  -4.4883  -2.8560  -2.2773   1.0698   1.0698   3.3803   5.7815
   6.2091   6.4146   9.6777   9.7048  10.1064  10.7362  12.3654  12.7114
   16   0.9333339
  -5.2367  -5.2367  -4.5164  -4.3843  -2.3040  -1.5717   1.5906   1.5906
   4.6362   4.9201   6.6604   6.8317   6.9619  10.0005  10.6012  11.5749
  -4.5961  -4.5164  -2.8825  -2.3041   1.0498   1.0498   3.6836   5.7569
   6.2725   6.6802   9.3607   9.5551   9.9807  10.4862  12.2959  12.6242
   16   0.9444452
  -5.2608  -5.2608  -4.5402  -4.4093  -2.3268  -1.5961   1.5788   1.5788
   4.8770   5.2199   6.5113   6.9660   7.2338   9.7888  10.3411  11.2342
  -4.6189  -4.5403  -2.9049  -2.3268   1.0320   1.0320   3.9829   5.7360
   6.2892   6.7140   9.0226   9.4057  10.2762  10.5059  12.2168  12.5778
   16   0.9555561
  -5.2805  -5.2804  -4.5597  -4.4298  -2.3454  -1.6160   1.5684   1.5684
   5.1068   5.5163   6.3454   7.2528   7.5146   9.6111  10.1554  10.9091
  -4.6376  -4.5597  -2.9233  -2.3454   1.0169   1.0169   4.2761   5.7190
   6.2904   6.8277   8.6955   9.2719  10.5616  10.7160  12.1247  12.4073
   16   0.9666673
  -5.2958  -5.2958  -4.5748  -4.4456  -2.3599  -1.6316   1.5599   1.5600
   5.3195   5.8005   6.2870   7.3870   7.7840   9.3859   9.8491  10.6090
  -4.6519  -4.5748  -2.9377  -2.3599   1.0050   1.0050   4.5595   5.7057
   6.1632   6.9317   8.3876   9.1687  10.8333  10.8968  12.0156  12.2334
   16   0.9777782
  -5.3069  -5.3069  -4.5856  -4.4569  -2.3704  -1.6428   1.5537   1.5538
   5.5053   6.0561   6.2829   7.5228   8.0211   9.3462   9.7738  10.3513
  -4.6623  -4.5856  -2.9478  -2.3704   0.9964   0.9964   4.8263   5.6962
   6.0560   6.9717   8.1153   9.0767  11.0831  11.0870  11.9537  12.0774
   16   0.9888895
  -5.3135  -5.3134  -4.5920  -4.4636  -2.3766  -1.6495   1.5499   1.5500
   5.6412   5.9773   6.2801   7.6997   8.1939   9.3074   9.6436  10.1667
  -4.6685  -4.5921  -2.9540  -2.3766   0.9912   0.9912   5.0563   5.6905
   6.2495   7.0007   7.9119   8.9223  11.3043  11.3157  11.9187  11.9516
   16   1.0000004
  -5.3157  -5.3156  -4.5942  -4.4659  -2.3787  -1.6517   1.5487   1.5487
   5.6886   5.8779   6.2791   7.7670   8.2593   9.2869   9.5724  10.0973
  -4.6706  -4.5942  -2.9560  -2.3787   0.9894   0.9894   5.1692   5.6927
   6.3256   6.9415   7.8323   8.8480  11.4569  11.4670  11.8499  11.9437
   63   93
   16   1.0000004
  -5.3157  -5.3156  -4.5942  -4.4659  -2.3787  -1.6517   1.5487   1.5487
   5.6886   5.8779   6.2791   7.7670   8.2593   9.2869   9.5724  10.0973
  -4.6706  -4.5942  -2.9560  -2.3787   0.9894   0.9894   5.1692   5.6927
   6.3256   6.9415   7.8323   8.8480  11.4569  11.4670  11.8499  11.9437
   16   1.0192454
  -5.7030  -4.9685  -4.4809  -4.1563  -2.2686  -1.6303   1.2913   1.9167
   5.6983   5.7284   6.4730   7.5996   8.2657   9.3045   9.5784  10.1149
  -4.9744  -4.5660  -3.0370  -2.4610   0.6225   1.2723   5.1512   5.6984
   6.3308   7.0069   7.8130   8.8726  11.2900  11.4619  11.9741  12.2316
   16   1.0384901
  -6.0792  -5.3374  -4.3316  -3.7524  -2.1937  -1.2956   1.3241   2.2969
   5.7089   5.7456   6.4915   7.5623   8.2836   9.3229   9.4877  10.1441
  -5.3446  -4.3955  -3.2967  -2.3827   0.2681   1.3115   5.0346   5.7346
   6.3473   7.0934   7.8022   9.1234  11.1602  11.4767  12.0961  12.3818
   16   1.0577352
  -6.4436  -5.6984  -4.0668  -3.4583  -2.2034  -0.9114   1.4176   2.6884
   5.7374   5.7649   6.6728   7.5113   8.3129   9.3471   9.4449  10.1853
  -5.7042  -4.0908  -3.4077  -2.2062  -0.0735   1.3429   4.7001   5.7950
   6.3751   7.1773   7.9598   9.1634  11.1885  11.5016  12.2174  12.4122
   16   1.0769807
  -6.7965  -6.0486  -3.8986  -3.5995  -1.9969  -0.5194   1.5241   3.0912
   5.7769   5.8656   6.8239   7.4162   8.3537   9.3793   9.4564  10.2385
  -6.0524  -3.9013  -3.0071  -2.1903  -0.4020   1.3933   4.3781   5.8347
   6.4143   7.2164   8.1008   9.2157  10.9930  11.5362  12.3394  12.6933
   16   1.0962249
  -7.1371  -6.3869  -4.1819  -3.1790  -1.7783  -0.1022   1.5922   3.5048
   5.8277   5.9170   7.0351   7.4667   8.4059   9.4227   9.7719  10.3036
  -6.3894  -4.2096  -2.5937  -1.9576  -0.3131   1.5440   4.0884   5.9310
   6.4648   7.2669   8.2307   9.2803  10.7886  11.5811  12.4639  12.9379
   16   1.1154704
  -7.4657  -6.7130  -4.4935  -2.7333  -1.6830  -0.2636   1.6848   3.9296
   5.8899   5.9931   6.9761   7.4759   8.5234   9.4777   9.8483  10.3807
  -6.7146  -4.5159  -2.2369  -1.7027   0.1342   1.7307   3.8354   6.0512
   6.6033   7.1950   8.4609   9.3572  10.5816  11.4903  12.5737  13.0037
   16   1.1347155
  -7.7819  -7.0266  -4.7977  -2.2736  -1.3823  -0.3824   1.8029   4.0364
   5.9635   6.1574   7.0508   7.5888   8.5730   9.5438  10.1412  10.4696
  -7.0277  -4.8142  -1.9910  -1.5336   0.5925   1.9457   3.8718   6.1253
   6.5998   7.3718   8.5344   9.4463  10.4459  11.4100  12.4819  13.2777
   16   1.1539601
  -8.0856  -7.3281  -5.0913  -1.8052  -1.1434  -0.3174   1.9469   3.7694
   6.0484   6.2435   7.1368   7.6866   8.4609   9.6210  10.4154  10.6218
  -7.3287  -5.1033  -1.9024  -1.1932   1.0617   2.1595   4.3202   6.2813
   6.6840   7.5088   8.6193   9.5475  10.3757  11.4932  12.6066  13.3731
   16   1.1732052
  -8.3766  -7.6171  -5.3732  -1.7417  -0.8279  -0.0591   2.1217   3.5187
   6.1450   6.3741   7.0916   7.8424   8.4190   9.7099  10.6830  10.7396
  -7.6172  -5.3816  -2.0096  -0.9160   1.5417   2.3179   4.7956   6.4615
   7.0022   7.7443   8.7158   9.6608  10.4116  11.4907  12.5639  13.5475
   16   1.1924507
  -8.6549  -7.8931  -5.6429  -1.9418  -0.4393   0.2634   2.4454   3.2867
   6.2527   6.6066   7.1818   7.9840   8.4627   9.8120  10.8073  11.0949
  -7.8933  -5.6488  -2.2130  -0.5358   2.0323   2.4849   5.2919   6.5894
   7.0330   7.8902   8.8234   9.7861  10.5356  11.3703  12.5855  13.5750
   16   1.2116949
  -8.9204  -8.1565  -5.9003  -2.1520  -0.0291   0.6820   2.8113   3.0775
   6.3718   6.7282   7.3024   8.2364   8.5027   9.9350  10.9720  11.4776
  -8.1567  -5.9043  -2.4367  -0.1138   2.4671   2.5895   5.7997   6.7861
   7.1478   8.0092   8.9424   9.9231  10.6714  11.4515  12.7307  13.8714
   16   1.2309405
  -9.1727  -8.4070  -6.1449  -2.3660   0.3235   1.1533   2.8985   3.3211
   6.5023   6.9089   7.2862   8.1701   8.6285  10.1232  10.8789  11.9176
  -8.4071  -6.1478  -2.6584   0.3096   2.4032   3.0435   6.3187   7.0272
   7.4186   8.1395   9.0728  10.0716  10.8184  11.5808  12.6379  14.0381
   16   1.2501855
  -9.4121  -8.6446  -6.3770  -2.5776   0.7645   1.6562   3.2828   3.8265
   6.6444   7.2109   7.4290   8.1452   8.7959  10.3811  11.0161  12.3934
  -8.6447  -6.3790  -2.8717   0.6973   2.3219   3.2971   6.8477   7.2514
   7.4125   8.3135   9.2145  10.2314  10.9765  11.5860  12.7367  14.2476
   16   1.2694302
  -9.6384  -8.8692  -6.5964  -2.7825   1.1761   2.1812   3.5867   4.3565
   6.7980   7.4022   7.5840   8.2431   8.9743  10.5363  11.1677  12.8746
  -8.8693  -6.5978  -3.0745   1.0749   2.3691   3.6644   7.0644   7.4312
   7.5656   8.5019   9.3674  10.4020  11.1454  11.6975  12.9081  14.5056
   16   1.2886752
  -9.8515  -9.0806  -6.8028  -2.9792   1.4449   2.5956   3.8946   4.9017
   6.9632   7.6144   7.9430   8.3307   9.1908  11.0014  11.4247  13.0591
  -9.0807  -6.8039  -3.2659   1.2839   2.7235   4.0857   7.4614   7.5959
   7.7505   8.6998   9.5315  10.5830  11.2737  11.9535  13.2192  14.5860
   16   1.3079208
 -10.0512  -9.2786  -6.9965  -3.1658   1.6581   2.9168   4.2261   5.4549
   7.1398   7.9064   8.0045   8.7125   9.4923  11.1712  11.7984  13.2481
  -9.2788  -6.9973  -3.4455   1.3148   3.2795   4.4691   7.4640   7.7721
   8.0564   8.9069   9.7068  10.7742  11.3928  12.3552  13.6946  14.6523
   16   1.3271650
 -10.2375  -9.4633  -7.1772  -3.3416   1.4993   3.4288   4.5798   6.0113
   7.3282   7.9820   8.2043   9.0694   9.8419  11.2614  12.0270  13.1990
  -9.4637  -7.1778  -3.6130   1.3045   3.8418   4.8276   7.3641   7.9466
   8.2678   9.1227   9.8931  10.9745  11.5139  12.5521  14.1810  14.9691
   16   1.3464105
 -10.4102  -9.6347  -7.3448  -3.5059   1.3512   3.9756   4.9533   6.5760
   7.5284   8.1834   8.4545   9.3197  10.0569  11.2356  12.2421  13.3664
  -9.6352  -7.3452  -3.7683   1.2354   4.4094   5.2111   7.2793   8.0384
   8.6319   9.3467  10.0908  11.1835  11.7323  13.0084  14.6761  15.1486
   16   1.3656556
 -10.5695  -9.7928  -7.4992  -3.6581   1.2143   4.5434   5.3422   7.1484
   7.7404   8.3965   8.9324   9.6085  10.4334  11.4367  12.4477  13.5781
  -9.7932  -7.4995  -3.9112   1.1431   4.9793   5.6186   7.1949   8.2496
   9.0173   9.5780  10.2990  11.2040  12.1167  13.2688  14.9374  15.4824
   16   1.3849002
 -10.7151  -9.9374  -7.6404  -3.7978   1.0888   5.1235   5.8598   7.6427
   7.9641   8.6216   9.2284  10.0321  10.8080  11.6509  12.6619  13.8735
  -9.9376  -7.6404  -4.0418   1.0441   5.5464   6.1211   7.5228   8.3644
   9.2646   9.8030  10.5178  11.3487  12.3341  13.3708  15.0102  15.0601
   16   1.4041453
 -10.8471 -10.0683  -7.7683  -3.9250   0.9746   5.7185   6.3091   7.6202
   8.3132   8.8583   9.6057  10.1855  11.0580  11.8736  13.0866  14.0903
 -10.0686  -7.7684  -4.1600   0.9466   6.0993   6.6582   8.1263   8.5988
   9.6725  10.0345  10.7470  11.5736  12.5679  13.4057  14.6504  14.9922
   16   1.4233908
 -10.9653 -10.1857  -7.8830  -4.0393   0.8722   6.3239   6.8482   7.6087
   8.8449   9.1070  10.0547  10.4260  11.4671  12.1030  13.4165  14.0685
 -10.1859  -7.8830  -4.2658   0.8548   6.3229   7.1181   8.4760   8.7736
  10.0602  10.2768  10.9861  11.5877  12.8159  13.6252  14.3253  14.9622
   16   1.4426350
 -11.0696 -10.2893  -7.9842  -4.1404   0.7817   6.9007   7.3742   7.7388
   9.0338   9.3676  10.4268  10.6640  11.8349  12.3359  13.6398  13.8398
 -10.2895  -7.9843  -4.3592   0.7711   6.5814   7.5516   8.7696   9.3488
  10.3838  10.5978  11.2347  11.7643  13.1500  13.7838  14.0646  15.0092
   16   1.4618805
 -11.1602 -10.3792  -8.0720  -4.2284   0.7031   6.8442   7.9780   8.3611
   9.3059   9.6400  10.7537  10.8767  12.0164  12.5664  13.2237  14.0410
 -10.3793  -8.0721  -4.4401   0.6969   6.7017   8.0394   9.0879   9.9632
  10.6693  10.8697  11.4916  12.0800  13.4876  13.6001  14.0878  14.9180
   16   1.4811256
 -11.2367 -10.4553  -8.1464  -4.3031   0.6365   6.7958   8.5075   8.8793
   9.5044   9.9245  10.9926  11.2998  12.2614  12.7806  12.8968  14.0082
 -10.4555  -8.1465  -4.5086   0.6332   6.7332   8.5051   9.4477  10.5728
  10.9867  11.3764  11.7548  12.3386  13.3090  13.7362  13.9978  14.8669
   16   1.5003703
 -11.2994 -10.5175  -8.2074  -4.3643   0.5820   6.7561   9.0953   9.4549
   9.9157  10.2210  11.1936  11.6753  12.2917  12.4498  12.9439  13.8581
 -10.5178  -8.2074  -4.5646   0.5804   6.7298   9.0257   9.7279  11.0799
  11.2097  11.7251  12.0211  12.5497  12.9161  13.6730  14.4141  14.9285
   16   1.5196153
 -11.3482 -10.5660  -8.2547  -4.4118   0.5396   6.7253   9.5949  10.0105
  10.2846  10.5298  11.3382  11.8308  12.1325  12.5076  13.1763  13.8802
 -10.5661  -8.2548  -4.6080   0.5389   6.7158   9.5490  10.0359  11.2857
  11.7792  11.9256  12.3036  12.3125  12.9607  13.6510  14.8280  15.1691
   16   1.5388609
 -11.3828 -10.6007  -8.2884  -4.4459   0.5094   6.7035  10.0884  10.3279
  10.6769  10.8498  11.4616  11.7103  12.0280  12.2648  13.4077  13.9913
 -10.6008  -8.2885  -4.6391   0.5092   6.7010  10.0846  10.5472  11.3110
  11.5987  12.2893  12.5514  12.5885  12.8945  13.4993  14.9607  15.0290
   16   1.5581050
 -11.4037 -10.6216  -8.3088  -4.4662   0.4912   6.6907  10.5139  10.6571
  11.1152  11.1799  11.4964  11.5914  11.8148  11.8980  13.5194  13.8504
 -10.6217  -8.3088  -4.6577   0.4912   6.6904  10.5597  11.0439  11.1960
  11.4421  12.6066  12.7245  12.8132  13.0879  13.4206  14.8036  14.9165
   16   1.5773506
 -11.4107 -10.6285  -8.3155  -4.4730   0.4852   6.6866  10.8564  10.8565
  10.8565  10.9706  11.4614  11.4614  11.6042  11.6042  13.4964  13.4964
 -10.6286  -8.3155  -4.6640   0.4852   6.6866  10.9035  11.4481  11.4481
  11.4482  12.8045  12.8045  12.8087  13.4964  13.4964  14.7403  14.8739
