#  Re(w)     Im(w)    e11            e22            e33            e12            e13            e23
   0.05000   0.01000  0.2004464E+00  0.2004464E+00  0.2004464E+00  0.0000000E+00  0.0000000E+00  0.0000000E+00
   0.06566   0.01000  0.2813357E+00  0.2813357E+00  0.2813357E+00  0.1387779E-15  0.2220446E-15 -0.1387779E-15
   0.08131   0.01000  0.3809643E+00  0.3809643E+00  0.3809643E+00  0.0000000E+00 -0.1110223E-15  0.1110223E-15
   0.09697   0.01000  0.5103989E+00  0.5103989E+00  0.5103989E+00  0.0000000E+00  0.1665335E-15 -0.5551115E-16
   0.11263   0.01000  0.6890824E+00  0.6890824E+00  0.6890824E+00 -0.1665335E-15 -0.2220446E-15  0.1110223E-15
   0.12828   0.01000  0.9550741E+00  0.9550741E+00  0.9550741E+00  0.5551115E-15  0.1665335E-15 -0.5551115E-16
   0.14394   0.01000  0.1394329E+01  0.1394329E+01  0.1394329E+01 -0.4440892E-15 -0.1110223E-15  0.1110223E-15
   0.15960   0.01000  0.2245993E+01  0.2245993E+01  0.2245993E+01  0.4440892E-15  0.2220446E-15 -0.6661338E-15
   0.17525   0.01000  0.4435242E+01  0.4435242E+01  0.4435242E+01  0.4440892E-14  0.3996803E-14 -0.3108624E-14
   0.19091   0.01000  0.1366291E+02  0.1366291E+02  0.1366291E+02  0.4440892E-14 -0.4440892E-14  0.4440892E-14
   0.20657   0.01000  0.2280988E+02  0.2280988E+02  0.2280988E+02  0.0000000E+00 -0.7105427E-14  0.3552714E-14
   0.22222   0.01000  0.1137509E+02  0.1137509E+02  0.1137509E+02  0.1776357E-14 -0.1776357E-14 -0.8881784E-15
   0.23788   0.01000  0.2093617E+02  0.2093617E+02  0.2093617E+02  0.8881784E-14  0.1243450E-13 -0.8881784E-14
   0.25354   0.01000  0.5407951E+02  0.5407951E+02  0.5407951E+02 -0.3197442E-13  0.2486900E-13  0.3552714E-14
   0.26919   0.01000  0.5302041E+02  0.5302041E+02  0.5302041E+02 -0.1065814E-13 -0.2486900E-13 -0.3552714E-14
   0.28485   0.01000  0.2246926E+02  0.2246926E+02  0.2246926E+02 -0.1953993E-13 -0.1065814E-13  0.1421085E-13
   0.30051   0.01000  0.9513177E+01  0.9513177E+01  0.9513177E+01  0.1776357E-14  0.1776357E-14 -0.5329071E-14
   0.31616   0.01000  0.7435623E+01  0.7435623E+01  0.7435623E+01 -0.3552714E-14  0.2220446E-14 -0.1332268E-14
   0.33182   0.01000  0.1202647E+02  0.1202647E+02  0.1202647E+02  0.1776357E-14 -0.8881784E-15 -0.8881784E-15
   0.34747   0.01000  0.1243316E+02  0.1243316E+02  0.1243316E+02  0.2664535E-14  0.8881784E-15  0.0000000E+00
   0.36313   0.01000  0.1218265E+02  0.1218265E+02  0.1218265E+02  0.4440892E-14  0.2664535E-14 -0.2664535E-14
   0.37879   0.01000  0.8902806E+01  0.8902806E+01  0.8902806E+01 -0.2664535E-14 -0.2664535E-14  0.8881784E-15
   0.39444   0.01000  0.1515661E+02  0.1515661E+02  0.1515661E+02  0.6217249E-14  0.0000000E+00  0.1776357E-14
   0.41010   0.01000  0.1284679E+02  0.1284679E+02  0.1284679E+02  0.2664535E-14  0.2664535E-14 -0.4440892E-14
   0.42576   0.01000  0.1033115E+02  0.1033115E+02  0.1033115E+02 -0.5329071E-14  0.0000000E+00  0.2664535E-14
   0.44141   0.01000  0.8463489E+01  0.8463489E+01  0.8463489E+01  0.8881784E-15 -0.3552714E-14  0.8881784E-15
   0.45707   0.01000  0.7136991E+01  0.7136991E+01  0.7136991E+01 -0.4440892E-15  0.4440892E-15  0.2220446E-14
   0.47273   0.01000  0.4141049E+01  0.4141049E+01  0.4141049E+01 -0.4440892E-15 -0.1332268E-14  0.4440892E-15
   0.48838   0.01000  0.2093843E+01  0.2093843E+01  0.2093843E+01  0.4440892E-15 -0.4440892E-15  0.0000000E+00
   0.50404   0.01000  0.2508003E+01  0.2508003E+01  0.2508003E+01  0.1110223E-14  0.1554312E-14 -0.1110223E-14
   0.51970   0.01000  0.1962198E+01  0.1962198E+01  0.1962198E+01 -0.1110223E-15  0.1110223E-14 -0.5551115E-15
   0.53535   0.01000  0.2542387E+01  0.2542387E+01  0.2542387E+01  0.2220446E-15  0.4440892E-15  0.6661338E-15
   0.55101   0.01000  0.2151851E+01  0.2151851E+01  0.2151851E+01 -0.6661338E-15 -0.4440892E-15  0.1332268E-14
   0.56667   0.01000  0.1909504E+01  0.1909504E+01  0.1909504E+01  0.0000000E+00  0.1554312E-14 -0.1332268E-14
   0.58232   0.01000  0.1758523E+01  0.1758523E+01  0.1758523E+01 -0.2220446E-15 -0.4440892E-15  0.8881784E-15
   0.59798   0.01000  0.1743389E+01  0.1743389E+01  0.1743389E+01 -0.3330669E-15  0.1443290E-14 -0.2220446E-15
   0.61364   0.01000  0.2783257E+01  0.2783257E+01  0.2783257E+01 -0.4440892E-15 -0.1776357E-14  0.8881784E-15
   0.62929   0.01000  0.2153783E+01  0.2153783E+01  0.2153783E+01  0.0000000E+00  0.4440892E-15  0.4440892E-15
   0.64495   0.01000  0.1599205E+01  0.1599205E+01  0.1599205E+01 -0.9992007E-15 -0.3330669E-15  0.7771561E-15
   0.66061   0.01000  0.1186921E+01  0.1186921E+01  0.1186921E+01  0.3330669E-15  0.1110223E-15 -0.3330669E-15
   0.67626   0.01000  0.1295124E+01  0.1295124E+01  0.1295124E+01  0.7771561E-15  0.1110223E-15 -0.3330669E-15
   0.69192   0.01000  0.1648083E+01  0.1648083E+01  0.1648083E+01 -0.5551115E-15 -0.3330669E-15  0.3330669E-15
   0.70758   0.01000  0.1734662E+01  0.1734662E+01  0.1734662E+01 -0.7771561E-15  0.7771561E-15 -0.3330669E-15
   0.72323   0.01000  0.1039220E+01  0.1039220E+01  0.1039220E+01  0.5551115E-15  0.3330669E-15 -0.5551115E-15
   0.73889   0.01000  0.5391201E+00  0.5391201E+00  0.5391201E+00  0.0000000E+00 -0.1110223E-15  0.1110223E-15
   0.75455   0.01000  0.4518627E+00  0.4518627E+00  0.4518627E+00  0.5551115E-16  0.1665335E-15 -0.1110223E-15
   0.77020   0.01000  0.5499794E+00  0.5499794E+00  0.5499794E+00  0.0000000E+00 -0.1110223E-15 -0.1110223E-15
   0.78586   0.01000  0.8274678E+00  0.8274678E+00  0.8274678E+00  0.2775558E-15  0.1110223E-15 -0.2220446E-15
   0.80152   0.01000  0.1117882E+01  0.1117882E+01  0.1117882E+01  0.2220446E-15  0.2220446E-15  0.4440892E-15
   0.81717   0.01000  0.8753808E+00  0.8753808E+00  0.8753808E+00  0.2220446E-15 -0.4996004E-15  0.3885781E-15
   0.83283   0.01000  0.5781158E+00  0.5781158E+00  0.5781158E+00 -0.5551115E-16 -0.1110223E-15 -0.3330669E-15
   0.84848   0.01000  0.7177063E+00  0.7177063E+00  0.7177063E+00  0.1665335E-15  0.1665335E-15 -0.6106227E-15
   0.86414   0.01000  0.6136085E+00  0.6136085E+00  0.6136085E+00 -0.2220446E-15 -0.3885781E-15  0.3885781E-15
   0.87980   0.01000  0.4712889E+00  0.4712889E+00  0.4712889E+00  0.2220446E-15 -0.1110223E-15 -0.5551115E-16
   0.89545   0.01000  0.4145645E+00  0.4145645E+00  0.4145645E+00  0.1942890E-15 -0.2775558E-16 -0.1387779E-15
   0.91111   0.01000  0.4316197E+00  0.4316197E+00  0.4316197E+00 -0.5551115E-16  0.0000000E+00 -0.5551115E-16
   0.92677   0.01000  0.4225028E+00  0.4225028E+00  0.4225028E+00 -0.1387779E-15 -0.5551115E-16  0.0000000E+00
   0.94242   0.01000  0.2935472E+00  0.2935472E+00  0.2935472E+00 -0.5551115E-16 -0.2775558E-16  0.2775558E-16
   0.95808   0.01000  0.2867056E+00  0.2867056E+00  0.2867056E+00  0.2775558E-16  0.8326673E-16 -0.8326673E-16
   0.97374   0.01000  0.3044558E+00  0.3044558E+00  0.3044558E+00  0.2775558E-16  0.1387779E-15  0.8326673E-16
   0.98939   0.01000  0.3227368E+00  0.3227368E+00  0.3227368E+00 -0.5551115E-16 -0.5551115E-16  0.1110223E-15
   1.00505   0.01000  0.3543919E+00  0.3543919E+00  0.3543919E+00 -0.1665335E-15  0.0000000E+00  0.1665335E-15
   1.02071   0.01000  0.2865960E+00  0.2865960E+00  0.2865960E+00  0.5551115E-16  0.8326673E-16  0.2775558E-16
   1.03636   0.01000  0.2361249E+00  0.2361249E+00  0.2361249E+00 -0.1526557E-15 -0.1387779E-16  0.1387779E-16
   1.05202   0.01000  0.2566215E+00  0.2566215E+00  0.2566215E+00 -0.1387779E-15  0.8326673E-16 -0.2775558E-16
   1.06768   0.01000  0.3702570E+00  0.3702570E+00  0.3702570E+00 -0.1942890E-15 -0.1387779E-15 -0.2775558E-16
   1.08333   0.01000  0.4679767E+00  0.4679767E+00  0.4679767E+00  0.2498002E-15  0.2775558E-16  0.0000000E+00
   1.09899   0.01000  0.5085426E+00  0.5085426E+00  0.5085426E+00 -0.2775558E-15 -0.1665335E-15  0.5551115E-16
   1.11465   0.01000  0.4494178E+00  0.4494178E+00  0.4494178E+00 -0.2775558E-16 -0.2498002E-15  0.2498002E-15
   1.13030   0.01000  0.3003207E+00  0.3003207E+00  0.3003207E+00  0.1110223E-15  0.5551115E-16 -0.8326673E-16
   1.14596   0.01000  0.2835843E+00  0.2835843E+00  0.2835843E+00 -0.2775558E-16  0.1942890E-15 -0.8326673E-16
   1.16162   0.01000  0.3322891E+00  0.3322891E+00  0.3322891E+00  0.1665335E-15  0.8326673E-16 -0.1665335E-15
   1.17727   0.01000  0.2252572E+00  0.2252572E+00  0.2252572E+00 -0.1387779E-15  0.2775558E-16  0.2775558E-16
   1.19293   0.01000  0.2692313E+00  0.2692313E+00  0.2692313E+00 -0.2498002E-15 -0.1110223E-15  0.2220446E-15
   1.20859   0.01000  0.1851648E+00  0.1851648E+00  0.1851648E+00 -0.9714451E-16 -0.4163336E-16  0.1387779E-16
   1.22424   0.01000  0.1478633E+00  0.1478633E+00  0.1478633E+00 -0.6938894E-16 -0.1249001E-15  0.6938894E-16
   1.23990   0.01000  0.1830328E+00  0.1830328E+00  0.1830328E+00  0.1387779E-16 -0.4163336E-16  0.4163336E-16
   1.25556   0.01000  0.2102125E+00  0.2102125E+00  0.2102125E+00  0.6938894E-16  0.6938894E-16 -0.4163336E-16
   1.27121   0.01000  0.2275208E+00  0.2275208E+00  0.2275208E+00 -0.1387779E-16  0.9714451E-16  0.1387779E-16
   1.28687   0.01000  0.1811206E+00  0.1811206E+00  0.1811206E+00  0.1387779E-16  0.0000000E+00  0.2775558E-16
   1.30253   0.01000  0.1703270E+00  0.1703270E+00  0.1703270E+00 -0.1249001E-15 -0.6938894E-16  0.1387779E-16
   1.31818   0.01000  0.1760796E+00  0.1760796E+00  0.1760796E+00  0.9714451E-16  0.6938894E-16 -0.6938894E-16
   1.33384   0.01000  0.1493067E+00  0.1493067E+00  0.1493067E+00 -0.2775558E-16  0.0000000E+00  0.1387779E-16
   1.34949   0.01000  0.1512620E+00  0.1512620E+00  0.1512620E+00 -0.1526557E-15 -0.1526557E-15  0.9714451E-16
   1.36515   0.01000  0.1480773E+00  0.1480773E+00  0.1480773E+00  0.0000000E+00  0.2775558E-16  0.2775558E-16
   1.38081   0.01000  0.1465133E+00  0.1465133E+00  0.1465133E+00  0.4163336E-16  0.6938894E-16 -0.1387779E-16
   1.39646   0.01000  0.1114684E+00  0.1114684E+00  0.1114684E+00 -0.3469447E-16 -0.2081668E-16  0.2081668E-16
   1.41212   0.01000  0.1054543E+00  0.1054543E+00  0.1054543E+00  0.2775558E-16  0.2775558E-16  0.2775558E-16
   1.42778   0.01000  0.1160468E+00  0.1160468E+00  0.1160468E+00  0.2081668E-16  0.3469447E-16 -0.3469447E-16
   1.44343   0.01000  0.8062873E-01  0.8062873E-01  0.8062873E-01 -0.2081668E-16 -0.3469447E-16  0.4163336E-16
   1.45909   0.01000  0.7161154E-01  0.7161154E-01  0.7161154E-01  0.1387779E-16  0.1387779E-16  0.0000000E+00
   1.47475   0.01000  0.7238211E-01  0.7238211E-01  0.7238211E-01  0.1387779E-16 -0.6938894E-17 -0.2081668E-16
   1.49040   0.01000  0.7161450E-01  0.7161450E-01  0.7161450E-01 -0.6938894E-17 -0.6938894E-17  0.2081668E-16
   1.50606   0.01000  0.8040234E-01  0.8040234E-01  0.8040234E-01 -0.4857226E-16 -0.4857226E-16  0.3469447E-16
   1.52172   0.01000  0.8995859E-01  0.8995859E-01  0.8995859E-01 -0.6938894E-16  0.0000000E+00  0.0000000E+00
   1.53737   0.01000  0.7880411E-01  0.7880411E-01  0.7880411E-01 -0.4857226E-16 -0.4857226E-16  0.6245005E-16
   1.55303   0.01000  0.7733802E-01  0.7733802E-01  0.7733802E-01 -0.4163336E-16 -0.5551115E-16  0.1387779E-16
   1.56869   0.01000  0.7461481E-01  0.7461481E-01  0.7461481E-01  0.4163336E-16  0.5551115E-16 -0.2081668E-16
   1.58434   0.01000  0.7860374E-01  0.7860374E-01  0.7860374E-01  0.6245005E-16  0.4857226E-16 -0.6245005E-16
   1.60000   0.01000  0.4748879E-01  0.4748879E-01  0.4748879E-01 -0.1040834E-16 -0.3469447E-17  0.6938894E-17
