#  Re(w)     Im(w)  em111          em122          em133          em112          em113          em123
   0.05000   0.01000 -0.9665924E-03 -0.9665924E-03 -0.9665924E-03  0.0000000E+00  0.0000000E+00  0.0000000E+00
   0.06566   0.01000 -0.1288953E-02 -0.1288953E-02 -0.1288953E-02  0.0000000E+00  0.0000000E+00  0.0000000E+00
   0.08131   0.01000 -0.1630326E-02 -0.1630326E-02 -0.1630326E-02  0.0000000E+00  0.0000000E+00  0.0000000E+00
   0.09697   0.01000 -0.2000067E-02 -0.2000067E-02 -0.2000067E-02  0.0000000E+00  0.0000000E+00  0.0000000E+00
   0.11263   0.01000 -0.2413338E-02 -0.2413338E-02 -0.2413338E-02  0.0000000E+00  0.0000000E+00  0.0000000E+00
   0.12828   0.01000 -0.2897603E-02 -0.2897603E-02 -0.2897603E-02  0.0000000E+00  0.0000000E+00  0.0000000E+00
   0.14394   0.01000 -0.3509904E-02 -0.3509904E-02 -0.3509904E-02  0.0000000E+00  0.0000000E+00  0.0000000E+00
   0.15960   0.01000 -0.4392546E-02 -0.4392546E-02 -0.4392546E-02  0.0000000E+00  0.0000000E+00  0.0000000E+00
   0.17525   0.01000 -0.6008566E-02 -0.6008566E-02 -0.6008566E-02  0.0000000E+00  0.0000000E+00  0.0000000E+00
   0.19091   0.01000 -0.1062094E-01 -0.1062094E-01 -0.1062094E-01  0.0000000E+00  0.0000000E+00  0.0000000E+00
   0.20657   0.01000 -0.3008132E-01 -0.3008132E-01 -0.3008132E-01  0.0000000E+00  0.0000000E+00  0.0000000E+00
   0.22222   0.01000 -0.1918493E-01 -0.1918493E-01 -0.1918493E-01  0.0000000E+00  0.0000000E+00  0.0000000E+00
   0.23788   0.01000 -0.1284139E-01 -0.1284139E-01 -0.1284139E-01  0.0000000E+00  0.0000000E+00  0.0000000E+00
   0.25354   0.01000 -0.1406820E-01 -0.1406820E-01 -0.1406820E-01  0.0000000E+00  0.0000000E+00  0.0000000E+00
   0.26919   0.01000 -0.1825575E-01 -0.1825575E-01 -0.1825575E-01  0.0000000E+00  0.0000000E+00  0.0000000E+00
   0.28485   0.01000 -0.1921014E-01 -0.1921014E-01 -0.1921014E-01  0.0000000E+00  0.0000000E+00  0.0000000E+00
   0.30051   0.01000 -0.3353003E-01 -0.3353003E-01 -0.3353003E-01  0.0000000E+00  0.0000000E+00  0.0000000E+00
   0.31616   0.01000 -0.9615886E-01 -0.9615886E-01 -0.9615886E-01  0.0000000E+00  0.4940656-323  0.0000000E+00
   0.33182   0.01000 -0.8212715E-01 -0.8212715E-01 -0.8212715E-01  0.0000000E+00  0.0000000E+00  0.0000000E+00
   0.34747   0.01000 -0.7837751E-01 -0.7837751E-01 -0.7837751E-01  0.0000000E+00  0.0000000E+00  0.0000000E+00
   0.36313   0.01000 -0.7165187E-01 -0.7165187E-01 -0.7165187E-01  0.0000000E+00  0.0000000E+00  0.0000000E+00
   0.37879   0.01000 -0.1037913E+00 -0.1037913E+00 -0.1037913E+00  0.0000000E+00  0.0000000E+00  0.0000000E+00
   0.39444   0.01000 -0.6541692E-01 -0.6541692E-01 -0.6541692E-01  0.0000000E+00  0.0000000E+00  0.0000000E+00
   0.41010   0.01000 -0.5542564E-01 -0.5542564E-01 -0.5542564E-01  0.0000000E+00  0.0000000E+00  0.0000000E+00
   0.42576   0.01000 -0.5738943E-01 -0.5738943E-01 -0.5738943E-01  0.0000000E+00  0.0000000E+00  0.0000000E+00
   0.44141   0.01000 -0.6415378E-01 -0.6415378E-01 -0.6415378E-01  0.0000000E+00  0.0000000E+00  0.0000000E+00
   0.45707   0.01000 -0.5077568E-01 -0.5077568E-01 -0.5077568E-01  0.0000000E+00  0.0000000E+00  0.0000000E+00
   0.47273   0.01000 -0.4452690E-01 -0.4452690E-01 -0.4452690E-01  0.0000000E+00  0.0000000E+00  0.0000000E+00
   0.48838   0.01000 -0.4229501E-01 -0.4229501E-01 -0.4229501E-01  0.0000000E+00  0.0000000E+00  0.0000000E+00
   0.50404   0.01000 -0.8241470E-01 -0.8241470E-01 -0.8241470E-01  0.0000000E+00  0.0000000E+00  0.0000000E+00
   0.51970   0.01000 -0.7816469E-01 -0.7816469E-01 -0.7816469E-01  0.0000000E+00  0.0000000E+00  0.0000000E+00
   0.53535   0.01000 -0.1206468E+00 -0.1206468E+00 -0.1206468E+00  0.0000000E+00  0.2121996-313  0.0000000E+00
   0.55101   0.01000 -0.1205177E+00 -0.1205177E+00 -0.1205177E+00  0.0000000E+00  0.0000000E+00  0.0000000E+00
   0.56667   0.01000 -0.1202718E+00 -0.1202718E+00 -0.1202718E+00  0.0000000E+00  0.0000000E+00  0.0000000E+00
   0.58232   0.01000 -0.1431309E+00 -0.1431309E+00 -0.1431309E+00  0.0000000E+00  0.0000000E+00  0.0000000E+00
   0.59798   0.01000 -0.2317720E+00 -0.2317720E+00 -0.2317720E+00  0.0000000E+00  0.0000000E+00  0.0000000E+00
   0.61364   0.01000 -0.1930254E+00 -0.1930254E+00 -0.1930254E+00  0.0000000E+00  0.0000000E+00  0.0000000E+00
   0.62929   0.01000 -0.1612489E+00 -0.1612489E+00 -0.1612489E+00  0.0000000E+00  0.0000000E+00  0.0000000E+00
   0.64495   0.01000 -0.1444962E+00 -0.1444962E+00 -0.1444962E+00  0.0000000E+00  0.0000000E+00  0.0000000E+00
   0.66061   0.01000 -0.1457731E+00 -0.1457731E+00 -0.1457731E+00  0.0000000E+00  0.0000000E+00  0.0000000E+00
   0.67626   0.01000 -0.2611386E+00 -0.2611386E+00 -0.2611386E+00  0.0000000E+00  0.0000000E+00  0.0000000E+00
   0.69192   0.01000 -0.2556135E+00 -0.2556135E+00 -0.2556135E+00  0.0000000E+00  0.0000000E+00  0.0000000E+00
   0.70758   0.01000 -0.1967641E+00 -0.1967641E+00 -0.1967641E+00  0.0000000E+00  0.0000000E+00  0.0000000E+00
   0.72323   0.01000 -0.1508666E+00 -0.1508666E+00 -0.1508666E+00  0.0000000E+00  0.0000000E+00  0.0000000E+00
   0.73889   0.01000 -0.1130715E+00 -0.1130715E+00 -0.1130715E+00  0.0000000E+00  0.0000000E+00  0.0000000E+00
   0.75455   0.01000 -0.1700646E+00 -0.1700646E+00 -0.1700646E+00  0.0000000E+00  0.0000000E+00  0.0000000E+00
   0.77020   0.01000 -0.3011832E+00 -0.3011832E+00 -0.3011832E+00  0.0000000E+00  0.0000000E+00  0.0000000E+00
   0.78586   0.01000 -0.4760695E+00 -0.4760695E+00 -0.4760695E+00  0.0000000E+00  0.0000000E+00  0.0000000E+00
   0.80152   0.01000 -0.4030428E+00 -0.4030428E+00 -0.4030428E+00  0.0000000E+00  0.0000000E+00  0.0000000E+00
   0.81717   0.01000 -0.3277867E+00 -0.3277867E+00 -0.3277867E+00  0.0000000E+00  0.0000000E+00  0.0000000E+00
   0.83283   0.01000 -0.3253767E+00 -0.3253767E+00 -0.3253767E+00  0.0000000E+00  0.0000000E+00  0.0000000E+00
   0.84848   0.01000 -0.3907824E+00 -0.3907824E+00 -0.3907824E+00  0.4940656-323  0.0000000E+00  0.0000000E+00
   0.86414   0.01000 -0.3601876E+00 -0.3601876E+00 -0.3601876E+00  0.0000000E+00  0.0000000E+00  0.0000000E+00
   0.87980   0.01000 -0.3694063E+00 -0.3694063E+00 -0.3694063E+00  0.0000000E+00  0.0000000E+00  0.0000000E+00
   0.89545   0.01000 -0.4525197E+00 -0.4525197E+00 -0.4525197E+00  0.0000000E+00  0.0000000E+00  0.0000000E+00
   0.91111   0.01000 -0.5174159E+00 -0.5174159E+00 -0.5174159E+00  0.0000000E+00  0.0000000E+00  0.0000000E+00
   0.92677   0.01000 -0.5699095E+00 -0.5699095E+00 -0.5699095E+00  0.0000000E+00  0.0000000E+00  0.0000000E+00
   0.94242   0.01000 -0.4779954E+00 -0.4779954E+00 -0.4779954E+00  0.0000000E+00  0.0000000E+00  0.0000000E+00
   0.95808   0.01000 -0.7041585E+00 -0.7041585E+00 -0.7041585E+00  0.0000000E+00  0.0000000E+00  0.0000000E+00
   0.97374   0.01000 -0.9714301E+00 -0.9714301E+00 -0.9714301E+00  0.0000000E+00  0.0000000E+00  0.0000000E+00
   0.98939   0.01000 -0.1162287E+01 -0.1162287E+01 -0.1162287E+01  0.0000000E+00  0.0000000E+00  0.0000000E+00
   1.00505   0.01000 -0.1408858E+01 -0.1408858E+01 -0.1408858E+01  0.0000000E+00  0.0000000E+00  0.0000000E+00
   1.02071   0.01000 -0.1173264E+01 -0.1173264E+01 -0.1173264E+01  0.0000000E+00  0.0000000E+00  0.0000000E+00
   1.03636   0.01000 -0.1783664E+01 -0.1783664E+01 -0.1783664E+01  0.0000000E+00  0.0000000E+00  0.0000000E+00
   1.05202   0.01000 -0.3013959E+01 -0.3013959E+01 -0.3013959E+01  0.0000000E+00  0.0000000E+00  0.0000000E+00
   1.06768   0.01000 -0.2639408E+01 -0.2639408E+01 -0.2639408E+01  0.2121996-313  0.0000000E+00  0.0000000E+00
   1.08333   0.01000 -0.2072026E+01 -0.2072026E+01 -0.2072026E+01  0.0000000E+00  0.0000000E+00  0.0000000E+00
   1.09899   0.01000 -0.1712027E+01 -0.1712027E+01 -0.1712027E+01  0.0000000E+00  0.0000000E+00  0.0000000E+00
   1.11465   0.01000 -0.1649946E+01 -0.1649946E+01 -0.1649946E+01  0.0000000E+00  0.0000000E+00  0.0000000E+00
   1.13030   0.01000 -0.2024682E+01 -0.2024682E+01 -0.2024682E+01  0.0000000E+00  0.0000000E+00  0.0000000E+00
   1.14596   0.01000 -0.2943423E+01 -0.2943423E+01 -0.2943423E+01  0.0000000E+00  0.0000000E+00  0.0000000E+00
   1.16162   0.01000 -0.2266221E+01 -0.2266221E+01 -0.2266221E+01  0.0000000E+00  0.0000000E+00  0.0000000E+00
   1.17727   0.01000 -0.3573845E+01 -0.3573845E+01 -0.3573845E+01  0.0000000E+00  0.0000000E+00  0.0000000E+00
   1.19293   0.01000 -0.3082074E+01 -0.3082074E+01 -0.3082074E+01  0.0000000E+00  0.0000000E+00  0.4940656-323
   1.20859   0.01000 -0.4406527E+01 -0.4406527E+01 -0.4406527E+01  0.0000000E+00  0.0000000E+00  0.0000000E+00
   1.22424   0.01000 -0.6757907E+01 -0.6757907E+01 -0.6757907E+01  0.0000000E+00  0.0000000E+00  0.0000000E+00
   1.23990   0.01000 -0.4792685E+01 -0.4792685E+01 -0.4792685E+01  0.0000000E+00  0.0000000E+00  0.0000000E+00
   1.25556   0.01000 -0.4255616E+01 -0.4255616E+01 -0.4255616E+01  0.0000000E+00  0.0000000E+00  0.0000000E+00
   1.27121   0.01000 -0.4129703E+01 -0.4129703E+01 -0.4129703E+01  0.0000000E+00  0.0000000E+00  0.0000000E+00
   1.28687   0.01000 -0.4602403E+01 -0.4602403E+01 -0.4602403E+01  0.0000000E+00  0.0000000E+00  0.0000000E+00
   1.30253   0.01000 -0.4746503E+01 -0.4746503E+01 -0.4746503E+01  0.0000000E+00  0.0000000E+00  0.0000000E+00
   1.31818   0.01000 -0.3751693E+01 -0.3751693E+01 -0.3751693E+01  0.0000000E+00  0.0000000E+00  0.0000000E+00
   1.33384   0.01000 -0.3809041E+01 -0.3809041E+01 -0.3809041E+01  0.0000000E+00  0.0000000E+00  0.0000000E+00
   1.34949   0.01000 -0.3054100E+01 -0.3054100E+01 -0.3054100E+01  0.0000000E+00  0.0000000E+00  0.0000000E+00
   1.36515   0.01000 -0.2705962E+01 -0.2705962E+01 -0.2705962E+01  0.0000000E+00  0.0000000E+00  0.0000000E+00
   1.38081   0.01000 -0.2693226E+01 -0.2693226E+01 -0.2693226E+01  0.0000000E+00  0.0000000E+00  0.0000000E+00
   1.39646   0.01000 -0.2089766E+01 -0.2089766E+01 -0.2089766E+01  0.0000000E+00  0.0000000E+00  0.0000000E+00
   1.41212   0.01000 -0.1670333E+01 -0.1670333E+01 -0.1670333E+01  0.0000000E+00  0.0000000E+00  0.2121996-313
   1.42778   0.01000 -0.1749535E+01 -0.1749535E+01 -0.1749535E+01  0.0000000E+00  0.0000000E+00  0.0000000E+00
   1.44343   0.01000 -0.1221383E+01 -0.1221383E+01 -0.1221383E+01  0.0000000E+00  0.0000000E+00  0.0000000E+00
   1.45909   0.01000 -0.7925861E+00 -0.7925861E+00 -0.7925861E+00  0.0000000E+00  0.0000000E+00  0.0000000E+00
   1.47475   0.01000 -0.7481405E+00 -0.7481405E+00 -0.7481405E+00  0.0000000E+00  0.0000000E+00  0.0000000E+00
   1.49040   0.01000 -0.6287166E+00 -0.6287166E+00 -0.6287166E+00  0.0000000E+00  0.0000000E+00  0.0000000E+00
   1.50606   0.01000 -0.6193319E+00 -0.6193319E+00 -0.6193319E+00  0.0000000E+00  0.0000000E+00  0.0000000E+00
   1.52172   0.01000 -0.6471300E+00 -0.6471300E+00 -0.6471300E+00  0.0000000E+00  0.0000000E+00  0.0000000E+00
   1.53737   0.01000 -0.5635413E+00 -0.5635413E+00 -0.5635413E+00  0.0000000E+00  0.0000000E+00  0.0000000E+00
   1.55303   0.01000 -0.5289340E+00 -0.5289340E+00 -0.5289340E+00  0.0000000E+00  0.0000000E+00  0.0000000E+00
   1.56869   0.01000 -0.4561984E+00 -0.4561984E+00 -0.4561984E+00  0.0000000E+00  0.0000000E+00  0.0000000E+00
   1.58434   0.01000 -0.5009010E+00 -0.5009010E+00 -0.5009010E+00  0.0000000E+00  0.0000000E+00  0.0000000E+00
   1.60000   0.01000 -0.2963840E+00 -0.2963840E+00 -0.2963840E+00  0.0000000E+00  0.0000000E+00  0.0000000E+00
