#  Re(w)     Im(w)  em111          em122          em133          em112          em113          em123
   0.05000   0.01000  0.6943533E-01  0.6943533E-01  0.6943533E-01  0.0000000E+00  0.0000000E+00  0.0000000E+00
   0.06566   0.01000  0.6767485E-01  0.6767485E-01  0.6767485E-01  0.0000000E+00  0.0000000E+00  0.0000000E+00
   0.08131   0.01000  0.6539736E-01  0.6539736E-01  0.6539736E-01  0.0000000E+00  0.0000000E+00  0.0000000E+00
   0.09697   0.01000  0.6256704E-01  0.6256704E-01  0.6256704E-01  0.0000000E+00  0.2121996-313  0.0000000E+00
   0.11263   0.01000  0.5913058E-01  0.5913058E-01  0.5913058E-01  0.0000000E+00  0.0000000E+00  0.0000000E+00
   0.12828   0.01000  0.5500462E-01  0.5500462E-01  0.5500462E-01  0.0000000E+00  0.0000000E+00  0.0000000E+00
   0.14394   0.01000  0.5004949E-01  0.5004949E-01  0.5004949E-01  0.0000000E+00  0.0000000E+00  0.0000000E+00
   0.15960   0.01000  0.4400490E-01  0.4400490E-01  0.4400490E-01  0.0000000E+00  0.0000000E+00  0.0000000E+00
   0.17525   0.01000  0.3631294E-01  0.3631294E-01  0.3631294E-01  0.0000000E+00  0.0000000E+00  0.0000000E+00
   0.19091   0.01000  0.2577890E-01  0.2577890E-01  0.2577890E-01  0.0000000E+00  0.0000000E+00  0.0000000E+00
   0.20657   0.01000  0.2034451E-01  0.2034451E-01  0.2034451E-01  0.0000000E+00  0.0000000E+00  0.0000000E+00
   0.22222   0.01000  0.3631132E-01  0.3631132E-01  0.3631132E-01  0.0000000E+00  0.0000000E+00  0.0000000E+00
   0.23788   0.01000  0.2117682E-01  0.2117682E-01  0.2117682E-01  0.0000000E+00  0.0000000E+00  0.0000000E+00
   0.25354   0.01000  0.7888276E-02  0.7888276E-02  0.7888276E-02  0.0000000E+00  0.0000000E+00  0.0000000E+00
   0.26919   0.01000 -0.3323111E-02 -0.3323111E-02 -0.3323111E-02  0.0000000E+00  0.0000000E+00  0.0000000E+00
   0.28485   0.01000 -0.2204365E-01 -0.2204365E-01 -0.2204365E-01  0.0000000E+00  0.0000000E+00  0.0000000E+00
   0.30051   0.01000 -0.4899311E-01 -0.4899311E-01 -0.4899311E-01  0.0000000E+00  0.0000000E+00  0.0000000E+00
   0.31616   0.01000 -0.6070963E-01 -0.6070963E-01 -0.6070963E-01  0.0000000E+00  0.0000000E+00  0.0000000E+00
   0.33182   0.01000 -0.9164973E-02 -0.9164973E-02 -0.9164973E-02  0.0000000E+00  0.0000000E+00  0.0000000E+00
   0.34747   0.01000 -0.1268364E-01 -0.1268364E-01 -0.1268364E-01  0.0000000E+00  0.0000000E+00  0.0000000E+00
   0.36313   0.01000 -0.2734004E-01 -0.2734004E-01 -0.2734004E-01  0.0000000E+00  0.0000000E+00  0.0000000E+00
   0.37879   0.01000 -0.2975963E-01 -0.2975963E-01 -0.2975963E-01  0.0000000E+00  0.0000000E+00  0.0000000E+00
   0.39444   0.01000 -0.6057416E-02 -0.6057416E-02 -0.6057416E-02  0.0000000E+00  0.0000000E+00  0.0000000E+00
   0.41010   0.01000 -0.3524706E-01 -0.3524706E-01 -0.3524706E-01  0.4940656-323  0.0000000E+00  0.0000000E+00
   0.42576   0.01000 -0.4755463E-01 -0.4755463E-01 -0.4755463E-01  0.0000000E+00  0.0000000E+00  0.0000000E+00
   0.44141   0.01000 -0.5885878E-01 -0.5885878E-01 -0.5885878E-01  0.0000000E+00  0.0000000E+00  0.0000000E+00
   0.45707   0.01000 -0.6735183E-01 -0.6735183E-01 -0.6735183E-01  0.0000000E+00  0.0000000E+00  0.0000000E+00
   0.47273   0.01000 -0.9364786E-01 -0.9364786E-01 -0.9364786E-01  0.0000000E+00  0.0000000E+00  0.0000000E+00
   0.48838   0.01000 -0.1356865E+00 -0.1356865E+00 -0.1356865E+00  0.0000000E+00  0.0000000E+00  0.0000000E+00
   0.50404   0.01000 -0.1614574E+00 -0.1614574E+00 -0.1614574E+00  0.0000000E+00  0.0000000E+00  0.0000000E+00
   0.51970   0.01000 -0.1836452E+00 -0.1836452E+00 -0.1836452E+00  0.0000000E+00  0.0000000E+00  0.0000000E+00
   0.53535   0.01000 -0.1813794E+00 -0.1813794E+00 -0.1813794E+00  0.0000000E+00  0.0000000E+00  0.0000000E+00
   0.55101   0.01000 -0.2036713E+00 -0.2036713E+00 -0.2036713E+00  0.0000000E+00  0.0000000E+00  0.0000000E+00
   0.56667   0.01000 -0.2202738E+00 -0.2202738E+00 -0.2202738E+00  0.0000000E+00  0.0000000E+00  0.0000000E+00
   0.58232   0.01000 -0.2467919E+00 -0.2467919E+00 -0.2467919E+00  0.0000000E+00  0.0000000E+00  0.0000000E+00
   0.59798   0.01000 -0.2814695E+00 -0.2814695E+00 -0.2814695E+00  0.0000000E+00  0.0000000E+00  0.0000000E+00
   0.61364   0.01000 -0.1791467E+00 -0.1791467E+00 -0.1791467E+00  0.0000000E+00  0.0000000E+00  0.0000000E+00
   0.62929   0.01000 -0.2210578E+00 -0.2210578E+00 -0.2210578E+00  0.2121996-313  0.0000000E+00  0.0000000E+00
   0.64495   0.01000 -0.2635827E+00 -0.2635827E+00 -0.2635827E+00  0.0000000E+00  0.0000000E+00  0.0000000E+00
   0.66061   0.01000 -0.3186948E+00 -0.3186948E+00 -0.3186948E+00  0.0000000E+00  0.0000000E+00  0.0000000E+00
   0.67626   0.01000 -0.3652927E+00 -0.3652927E+00 -0.3652927E+00  0.0000000E+00  0.0000000E+00  0.0000000E+00
   0.69192   0.01000 -0.2995984E+00 -0.2995984E+00 -0.2995984E+00  0.0000000E+00  0.0000000E+00  0.0000000E+00
   0.70758   0.01000 -0.2733399E+00 -0.2733399E+00 -0.2733399E+00  0.0000000E+00  0.0000000E+00  0.0000000E+00
   0.72323   0.01000 -0.3498745E+00 -0.3498745E+00 -0.3498745E+00  0.0000000E+00  0.0000000E+00  0.0000000E+00
   0.73889   0.01000 -0.4437885E+00 -0.4437885E+00 -0.4437885E+00  0.0000000E+00  0.0000000E+00  0.0000000E+00
   0.75455   0.01000 -0.5894417E+00 -0.5894417E+00 -0.5894417E+00  0.0000000E+00  0.0000000E+00  0.4940656-323
   0.77020   0.01000 -0.6759549E+00 -0.6759549E+00 -0.6759549E+00  0.0000000E+00  0.0000000E+00  0.0000000E+00
   0.78586   0.01000 -0.5905005E+00 -0.5905005E+00 -0.5905005E+00  0.0000000E+00  0.0000000E+00  0.0000000E+00
   0.80152   0.01000 -0.4450820E+00 -0.4450820E+00 -0.4450820E+00  0.0000000E+00  0.0000000E+00  0.0000000E+00
   0.81717   0.01000 -0.5167265E+00 -0.5167265E+00 -0.5167265E+00  0.0000000E+00  0.0000000E+00  0.0000000E+00
   0.83283   0.01000 -0.6759828E+00 -0.6759828E+00 -0.6759828E+00  0.0000000E+00  0.0000000E+00  0.0000000E+00
   0.84848   0.01000 -0.6259209E+00 -0.6259209E+00 -0.6259209E+00  0.0000000E+00  0.0000000E+00  0.0000000E+00
   0.86414   0.01000 -0.6762129E+00 -0.6762129E+00 -0.6762129E+00  0.0000000E+00  0.0000000E+00  0.0000000E+00
   0.87980   0.01000 -0.8045870E+00 -0.8045870E+00 -0.8045870E+00  0.0000000E+00  0.0000000E+00  0.0000000E+00
   0.89545   0.01000 -0.9416902E+00 -0.9416902E+00 -0.9416902E+00  0.0000000E+00  0.0000000E+00  0.0000000E+00
   0.91111   0.01000 -0.9649135E+00 -0.9649135E+00 -0.9649135E+00  0.0000000E+00  0.0000000E+00  0.0000000E+00
   0.92677   0.01000 -0.1011975E+01 -0.1011975E+01 -0.1011975E+01  0.0000000E+00  0.0000000E+00  0.0000000E+00
   0.94242   0.01000 -0.1183158E+01 -0.1183158E+01 -0.1183158E+01  0.0000000E+00  0.0000000E+00  0.0000000E+00
   0.95808   0.01000 -0.1400069E+01 -0.1400069E+01 -0.1400069E+01  0.0000000E+00  0.0000000E+00  0.0000000E+00
   0.97374   0.01000 -0.1499011E+01 -0.1499011E+01 -0.1499011E+01  0.0000000E+00  0.0000000E+00  0.2121996-313
   0.98939   0.01000 -0.1500145E+01 -0.1500145E+01 -0.1500145E+01  0.0000000E+00  0.0000000E+00  0.0000000E+00
   1.00505   0.01000 -0.1410866E+01 -0.1410866E+01 -0.1410866E+01  0.0000000E+00  0.0000000E+00  0.0000000E+00
   1.02071   0.01000 -0.1648406E+01 -0.1648406E+01 -0.1648406E+01  0.0000000E+00  0.0000000E+00  0.0000000E+00
   1.03636   0.01000 -0.2091039E+01 -0.2091039E+01 -0.2091039E+01  0.0000000E+00  0.0000000E+00  0.0000000E+00
   1.05202   0.01000 -0.1631201E+01 -0.1631201E+01 -0.1631201E+01  0.0000000E+00  0.0000000E+00  0.0000000E+00
   1.06768   0.01000 -0.4026293E+00 -0.4026293E+00 -0.4026293E+00  0.0000000E+00  0.0000000E+00  0.0000000E+00
   1.08333   0.01000 -0.3665159E+00 -0.3665159E+00 -0.3665159E+00  0.0000000E+00  0.0000000E+00  0.0000000E+00
   1.09899   0.01000 -0.6599234E+00 -0.6599234E+00 -0.6599234E+00  0.0000000E+00  0.0000000E+00  0.0000000E+00
   1.11465   0.01000 -0.9741534E+00 -0.9741534E+00 -0.9741534E+00  0.0000000E+00  0.0000000E+00  0.0000000E+00
   1.13030   0.01000 -0.1625545E+01 -0.1625545E+01 -0.1625545E+01  0.0000000E+00  0.0000000E+00  0.0000000E+00
   1.14596   0.01000 -0.1309816E+01 -0.1309816E+01 -0.1309816E+01  0.0000000E+00  0.0000000E+00  0.0000000E+00
   1.16162   0.01000 -0.1297794E+01 -0.1297794E+01 -0.1297794E+01  0.0000000E+00  0.0000000E+00  0.0000000E+00
   1.17727   0.01000 -0.1758764E+01 -0.1758764E+01 -0.1758764E+01  0.0000000E+00  0.0000000E+00  0.0000000E+00
   1.19293   0.01000 -0.1395888E+01 -0.1395888E+01 -0.1395888E+01  0.0000000E+00  0.0000000E+00  0.0000000E+00
   1.20859   0.01000 -0.2092937E+01 -0.2092937E+01 -0.2092937E+01  0.0000000E+00  0.0000000E+00  0.0000000E+00
   1.22424   0.01000 -0.1855887E+00 -0.1855887E+00 -0.1855887E+00  0.0000000E+00  0.0000000E+00  0.0000000E+00
   1.23990   0.01000  0.1793045E+01  0.1793045E+01  0.1793045E+01  0.0000000E+00  0.0000000E+00  0.0000000E+00
   1.25556   0.01000  0.1460851E+01  0.1460851E+01  0.1460851E+01  0.0000000E+00  0.0000000E+00  0.0000000E+00
   1.27121   0.01000  0.1047108E+01  0.1047108E+01  0.1047108E+01  0.0000000E+00  0.0000000E+00  0.0000000E+00
   1.28687   0.01000  0.2056355E+01  0.2056355E+01  0.2056355E+01  0.0000000E+00  0.0000000E+00  0.0000000E+00
   1.30253   0.01000  0.2310349E+01  0.2310349E+01  0.2310349E+01  0.0000000E+00  0.0000000E+00  0.0000000E+00
   1.31818   0.01000  0.2689163E+01  0.2689163E+01  0.2689163E+01  0.0000000E+00  0.0000000E+00  0.0000000E+00
   1.33384   0.01000  0.3317036E+01  0.3317036E+01  0.3317036E+01  0.0000000E+00  0.0000000E+00  0.0000000E+00
   1.34949   0.01000  0.3295947E+01  0.3295947E+01  0.3295947E+01  0.0000000E+00  0.0000000E+00  0.0000000E+00
   1.36515   0.01000  0.3309343E+01  0.3309343E+01  0.3309343E+01  0.0000000E+00  0.0000000E+00  0.0000000E+00
   1.38081   0.01000  0.3335965E+01  0.3335965E+01  0.3335965E+01  0.0000000E+00  0.0000000E+00  0.0000000E+00
   1.39646   0.01000  0.3792161E+01  0.3792161E+01  0.3792161E+01  0.0000000E+00  0.0000000E+00  0.0000000E+00
   1.41212   0.01000  0.3612394E+01  0.3612394E+01  0.3612394E+01  0.0000000E+00  0.0000000E+00  0.0000000E+00
   1.42778   0.01000  0.3466301E+01  0.3466301E+01  0.3466301E+01  0.0000000E+00  0.0000000E+00  0.0000000E+00
   1.44343   0.01000  0.3695464E+01  0.3695464E+01  0.3695464E+01  0.0000000E+00  0.0000000E+00  0.0000000E+00
   1.45909   0.01000  0.3231047E+01  0.3231047E+01  0.3231047E+01  0.0000000E+00  0.4940656-323  0.0000000E+00
   1.47475   0.01000  0.3126703E+01  0.3126703E+01  0.3126703E+01  0.0000000E+00  0.0000000E+00  0.0000000E+00
   1.49040   0.01000  0.2895496E+01  0.2895496E+01  0.2895496E+01  0.0000000E+00  0.0000000E+00  0.0000000E+00
   1.50606   0.01000  0.2705427E+01  0.2705427E+01  0.2705427E+01  0.0000000E+00  0.0000000E+00  0.0000000E+00
   1.52172   0.01000  0.2602857E+01  0.2602857E+01  0.2602857E+01  0.0000000E+00  0.0000000E+00  0.0000000E+00
   1.53737   0.01000  0.2614113E+01  0.2614113E+01  0.2614113E+01  0.0000000E+00  0.0000000E+00  0.0000000E+00
   1.55303   0.01000  0.2561148E+01  0.2561148E+01  0.2561148E+01  0.0000000E+00  0.0000000E+00  0.0000000E+00
   1.56869   0.01000  0.2430212E+01  0.2430212E+01  0.2430212E+01  0.0000000E+00  0.0000000E+00  0.0000000E+00
   1.58434   0.01000  0.2474183E+01  0.2474183E+01  0.2474183E+01  0.0000000E+00  0.0000000E+00  0.0000000E+00
   1.60000   0.01000  0.2480583E+01  0.2480583E+01  0.2480583E+01  0.0000000E+00  0.0000000E+00  0.0000000E+00
