#  Re(w)     Im(w)    e11            e22            e33            e12            e13            e23
   0.05000   0.01000  0.1439910E+02  0.1439910E+02  0.1439910E+02  0.8881784E-15 -0.4440892E-14  0.8881784E-15
   0.06566   0.01000  0.1477118E+02  0.1477118E+02  0.1477118E+02  0.1776357E-14  0.3552714E-14 -0.1776357E-14
   0.08131   0.01000  0.1528164E+02  0.1528164E+02  0.1528164E+02  0.0000000E+00 -0.8881784E-14  0.7105427E-14
   0.09697   0.01000  0.1596654E+02  0.1596654E+02  0.1596654E+02 -0.8881784E-15 -0.3552714E-14  0.2664535E-14
   0.11263   0.01000  0.1688360E+02  0.1688360E+02  0.1688360E+02  0.8881784E-15  0.9769963E-14 -0.4440892E-14
   0.12828   0.01000  0.1812998E+02  0.1812998E+02  0.1812998E+02  0.1776357E-14  0.5329071E-14 -0.8881784E-14
   0.14394   0.01000  0.1988244E+02  0.1988244E+02  0.1988244E+02 -0.3552714E-14  0.0000000E+00 -0.3552714E-14
   0.15960   0.01000  0.2250055E+02  0.2250055E+02  0.2250055E+02  0.5329071E-14  0.3552714E-14 -0.3552714E-14
   0.17525   0.01000  0.2680451E+02  0.2680451E+02  0.2680451E+02  0.7105427E-14  0.3552714E-14  0.0000000E+00
   0.19091   0.01000  0.3316228E+02  0.3316228E+02  0.3316228E+02 -0.1421085E-13  0.1065814E-13 -0.3552714E-14
   0.20657   0.01000  0.1542671E+02  0.1542671E+02  0.1542671E+02 -0.1776357E-14  0.8881784E-15  0.8881784E-15
   0.22222   0.01000  0.2152964E+02  0.2152964E+02  0.2152964E+02 -0.5329071E-14 -0.1776357E-14  0.1776357E-14
   0.23788   0.01000  0.3452598E+02  0.3452598E+02  0.3452598E+02  0.1065814E-13 -0.3552714E-14  0.3552714E-14
   0.25354   0.01000  0.3032328E+02  0.3032328E+02  0.3032328E+02  0.0000000E+00  0.3552714E-14 -0.7105427E-14
   0.26919   0.01000 -0.9651352E+01 -0.9651352E+01 -0.9651352E+01  0.4440892E-14  0.4440892E-14 -0.2664535E-14
   0.28485   0.01000 -0.2578349E+02 -0.2578349E+02 -0.2578349E+02 -0.5329071E-14 -0.5329071E-14 -0.1776357E-14
   0.30051   0.01000 -0.1390038E+02 -0.1390038E+02 -0.1390038E+02 -0.4440892E-14 -0.1598721E-13  0.1332268E-13
   0.31616   0.01000 -0.4694460E+01 -0.4694460E+01 -0.4694460E+01 -0.2220446E-14  0.3996803E-14  0.4440892E-15
   0.33182   0.01000 -0.1342093E+01 -0.1342093E+01 -0.1342093E+01  0.2220446E-15 -0.6661338E-15  0.6661338E-15
   0.34747   0.01000 -0.2012028E+01 -0.2012028E+01 -0.2012028E+01  0.6661338E-15  0.2220446E-15  0.6661338E-15
   0.36313   0.01000 -0.4648505E+01 -0.4648505E+01 -0.4648505E+01 -0.4440892E-14 -0.1776357E-14  0.3552714E-14
   0.37879   0.01000 -0.2552663E+01 -0.2552663E+01 -0.2552663E+01 -0.6661338E-15  0.1998401E-14 -0.2220446E-15
   0.39444   0.01000 -0.1403458E+01 -0.1403458E+01 -0.1403458E+01  0.4440892E-15  0.6661338E-15 -0.1110223E-14
   0.41010   0.01000 -0.8169714E+01 -0.8169714E+01 -0.8169714E+01 -0.4440892E-14 -0.3552714E-14  0.7105427E-14
   0.42576   0.01000 -0.8560705E+01 -0.8560705E+01 -0.8560705E+01 -0.2664535E-14 -0.5329071E-14  0.5329071E-14
   0.44141   0.01000 -0.7764945E+01 -0.7764945E+01 -0.7764945E+01  0.4440892E-14  0.8881784E-15 -0.2664535E-14
   0.45707   0.01000 -0.9466921E+01 -0.9466921E+01 -0.9466921E+01  0.4440892E-14  0.8881784E-15 -0.8881784E-15
   0.47273   0.01000 -0.8709350E+01 -0.8709350E+01 -0.8709350E+01  0.8881784E-15  0.2664535E-14 -0.8881784E-15
   0.48838   0.01000 -0.6717253E+01 -0.6717253E+01 -0.6717253E+01  0.3996803E-14 -0.1332268E-14  0.1332268E-14
   0.50404   0.01000 -0.4913392E+01 -0.4913392E+01 -0.4913392E+01 -0.8881784E-15 -0.4440892E-15 -0.8881784E-15
   0.51970   0.01000 -0.4610115E+01 -0.4610115E+01 -0.4610115E+01  0.4440892E-15  0.4884981E-14 -0.3996803E-14
   0.53535   0.01000 -0.3822203E+01 -0.3822203E+01 -0.3822203E+01  0.3996803E-14  0.8881784E-15 -0.3996803E-14
   0.55101   0.01000 -0.3636564E+01 -0.3636564E+01 -0.3636564E+01 -0.8881784E-15 -0.1776357E-14  0.1776357E-14
   0.56667   0.01000 -0.3497195E+01 -0.3497195E+01 -0.3497195E+01 -0.8881784E-15 -0.8881784E-15  0.0000000E+00
   0.58232   0.01000 -0.3032113E+01 -0.3032113E+01 -0.3032113E+01 -0.8881784E-15  0.4440892E-15 -0.4440892E-15
   0.59798   0.01000 -0.2117214E+01 -0.2117214E+01 -0.2117214E+01 -0.1554312E-14 -0.6661338E-15 -0.4440892E-15
   0.61364   0.01000 -0.2583138E+01 -0.2583138E+01 -0.2583138E+01 -0.1110223E-14 -0.6661338E-15  0.0000000E+00
   0.62929   0.01000 -0.2952644E+01 -0.2952644E+01 -0.2952644E+01  0.6661338E-15  0.1998401E-14  0.6661338E-15
   0.64495   0.01000 -0.2917190E+01 -0.2917190E+01 -0.2917190E+01 -0.8881784E-15 -0.4440892E-15  0.0000000E+00
   0.66061   0.01000 -0.2594893E+01 -0.2594893E+01 -0.2594893E+01  0.1998401E-14  0.1110223E-14 -0.2220446E-15
   0.67626   0.01000 -0.1811679E+01 -0.1811679E+01 -0.1811679E+01 -0.4440892E-15 -0.1554312E-14  0.2220446E-15
   0.69192   0.01000 -0.1931678E+01 -0.1931678E+01 -0.1931678E+01 -0.2220446E-15 -0.2220446E-15 -0.1554312E-14
   0.70758   0.01000 -0.2409750E+01 -0.2409750E+01 -0.2409750E+01 -0.6661338E-15 -0.8881784E-15  0.6661338E-15
   0.72323   0.01000 -0.2410054E+01 -0.2410054E+01 -0.2410054E+01  0.1110223E-14 -0.1110223E-14 -0.1110223E-14
   0.73889   0.01000 -0.2115965E+01 -0.2115965E+01 -0.2115965E+01 -0.4440892E-15  0.0000000E+00  0.8881784E-15
   0.75455   0.01000 -0.1566150E+01 -0.1566150E+01 -0.1566150E+01  0.1110223E-14  0.1110223E-14 -0.1110223E-14
   0.77020   0.01000 -0.1234336E+01 -0.1234336E+01 -0.1234336E+01  0.2220446E-15 -0.2220446E-15  0.2220446E-15
   0.78586   0.01000 -0.1026363E+01 -0.1026363E+01 -0.1026363E+01 -0.2220446E-15  0.6661338E-15 -0.2220446E-15
   0.80152   0.01000 -0.1234482E+01 -0.1234482E+01 -0.1234482E+01 -0.1110223E-14 -0.2220446E-15  0.1110223E-14
   0.81717   0.01000 -0.1379960E+01 -0.1379960E+01 -0.1379960E+01 -0.2220446E-15 -0.2220446E-15  0.6661338E-15
   0.83283   0.01000 -0.1201058E+01 -0.1201058E+01 -0.1201058E+01 -0.1110223E-14 -0.6661338E-15  0.6661338E-15
   0.84848   0.01000 -0.1149559E+01 -0.1149559E+01 -0.1149559E+01  0.8881784E-15  0.6661338E-15 -0.6661338E-15
   0.86414   0.01000 -0.1151983E+01 -0.1151983E+01 -0.1151983E+01  0.1110223E-14  0.1110223E-14 -0.1110223E-14
   0.87980   0.01000 -0.1026493E+01 -0.1026493E+01 -0.1026493E+01 -0.2220446E-15  0.2220446E-15  0.2220446E-15
   0.89545   0.01000 -0.8627056E+00 -0.8627056E+00 -0.8627056E+00 -0.7771561E-15 -0.6661338E-15  0.5551115E-15
   0.91111   0.01000 -0.8049147E+00 -0.8049147E+00 -0.8049147E+00 -0.5551115E-15 -0.1110223E-15 -0.2220446E-15
   0.92677   0.01000 -0.7502280E+00 -0.7502280E+00 -0.7502280E+00  0.8881784E-15 -0.8881784E-15 -0.6661338E-15
   0.94242   0.01000 -0.7266027E+00 -0.7266027E+00 -0.7266027E+00  0.2220446E-15  0.4440892E-15 -0.4440892E-15
   0.95808   0.01000 -0.5700531E+00 -0.5700531E+00 -0.5700531E+00 -0.3330669E-15 -0.7771561E-15  0.3330669E-15
   0.97374   0.01000 -0.4698048E+00 -0.4698048E+00 -0.4698048E+00  0.9992007E-15  0.3330669E-15 -0.5551115E-15
   0.98939   0.01000 -0.4165513E+00 -0.4165513E+00 -0.4165513E+00  0.8881784E-15  0.1110223E-15  0.0000000E+00
   1.00505   0.01000 -0.3548970E+00 -0.3548970E+00 -0.3548970E+00 -0.1110223E-15 -0.7771561E-15  0.1110223E-15
   1.02071   0.01000 -0.4026600E+00 -0.4026600E+00 -0.4026600E+00 -0.1110223E-15 -0.1110223E-15 -0.3330669E-15
   1.03636   0.01000 -0.2768157E+00 -0.2768157E+00 -0.2768157E+00 -0.3330669E-15  0.0000000E+00  0.2220446E-15
   1.05202   0.01000 -0.1388875E+00 -0.1388875E+00 -0.1388875E+00  0.1110223E-15 -0.1110223E-15  0.3330669E-15
   1.06768   0.01000 -0.5648098E-01 -0.5648098E-01 -0.5648098E-01  0.3330669E-15  0.5551115E-15 -0.3330669E-15
   1.08333   0.01000 -0.8277930E-01 -0.8277930E-01 -0.8277930E-01 -0.7771561E-15 -0.7771561E-15  0.5551115E-15
   1.09899   0.01000 -0.1960244E+00 -0.1960244E+00 -0.1960244E+00  0.1110223E-15  0.2220446E-15 -0.3330669E-15
   1.11465   0.01000 -0.2653432E+00 -0.2653432E+00 -0.2653432E+00  0.1110223E-15  0.3330669E-15 -0.1110223E-15
   1.13030   0.01000 -0.2411167E+00 -0.2411167E+00 -0.2411167E+00 -0.3330669E-15 -0.3330669E-15  0.1110223E-15
   1.14596   0.01000 -0.1261943E+00 -0.1261943E+00 -0.1261943E+00  0.4440892E-15  0.6661338E-15 -0.8881784E-15
   1.16162   0.01000 -0.1902916E+00 -0.1902916E+00 -0.1902916E+00 -0.5551115E-15 -0.5551115E-15  0.9992007E-15
   1.17727   0.01000 -0.1108538E+00 -0.1108538E+00 -0.1108538E+00 -0.5551115E-15 -0.5551115E-15  0.7771561E-15
   1.19293   0.01000 -0.1219363E+00 -0.1219363E+00 -0.1219363E+00 -0.6661338E-15 -0.5551115E-15  0.5551115E-15
   1.20859   0.01000 -0.8794641E-01 -0.8794641E-01 -0.8794641E-01 -0.2220446E-15 -0.5551115E-15  0.6661338E-15
   1.22424   0.01000 -0.4060690E-02 -0.4060690E-02 -0.4060690E-02  0.1443290E-14  0.3330669E-15 -0.1110223E-15
   1.23990   0.01000  0.6847646E-01  0.6847646E-01  0.6847646E-01  0.5551115E-16  0.1665335E-15  0.5551115E-16
   1.25556   0.01000  0.7216093E-01  0.7216093E-01  0.7216093E-01 -0.2775558E-15 -0.6106227E-15  0.3885781E-15
   1.27121   0.01000  0.5768910E-01  0.5768910E-01  0.5768910E-01 -0.5551115E-16 -0.2220446E-15 -0.1110223E-15
   1.28687   0.01000  0.8092476E-01  0.8092476E-01  0.8092476E-01 -0.2775558E-15  0.4440892E-15 -0.3330669E-15
   1.30253   0.01000  0.8290626E-01  0.8290626E-01  0.8290626E-01 -0.1110223E-15 -0.3330669E-15  0.1110223E-15
   1.31818   0.01000  0.1262115E+00  0.1262115E+00  0.1262115E+00  0.3330669E-15 -0.1110223E-15  0.4440892E-15
   1.33384   0.01000  0.1300211E+00  0.1300211E+00  0.1300211E+00 -0.2775558E-15  0.5551115E-16 -0.5551115E-16
   1.34949   0.01000  0.1632401E+00  0.1632401E+00  0.1632401E+00  0.2220446E-15 -0.5551115E-16 -0.2775558E-15
   1.36515   0.01000  0.1810959E+00  0.1810959E+00  0.1810959E+00  0.4996004E-15  0.1665335E-15 -0.2775558E-15
   1.38081   0.01000  0.1814787E+00  0.1814787E+00  0.1814787E+00  0.5551115E-16  0.4996004E-15 -0.5551115E-16
   1.39646   0.01000  0.2022744E+00  0.2022744E+00  0.2022744E+00 -0.3885781E-15 -0.3885781E-15  0.2775558E-15
   1.41212   0.01000  0.2280638E+00  0.2280638E+00  0.2280638E+00  0.1665335E-15 -0.5551115E-16  0.0000000E+00
   1.42778   0.01000  0.2299200E+00  0.2299200E+00  0.2299200E+00 -0.2220446E-15  0.0000000E+00  0.2220446E-15
   1.44343   0.01000  0.2439535E+00  0.2439535E+00  0.2439535E+00 -0.2775558E-15  0.1665335E-15 -0.2775558E-15
   1.45909   0.01000  0.2919307E+00  0.2919307E+00  0.2919307E+00  0.2220446E-15  0.2220446E-15 -0.2220446E-15
   1.47475   0.01000  0.3025065E+00  0.3025065E+00  0.3025065E+00  0.5551115E-16 -0.5551115E-16 -0.1665335E-15
   1.49040   0.01000  0.3298139E+00  0.3298139E+00  0.3298139E+00  0.5551115E-16  0.3885781E-15 -0.5551115E-16
   1.50606   0.01000  0.3512215E+00  0.3512215E+00  0.3512215E+00  0.1110223E-15 -0.1110223E-15 -0.1665335E-15
   1.52172   0.01000  0.3618274E+00  0.3618274E+00  0.3618274E+00  0.5551115E-16 -0.1665335E-15 -0.1665335E-15
   1.53737   0.01000  0.3655506E+00  0.3655506E+00  0.3655506E+00  0.2220446E-15  0.5551115E-16 -0.2775558E-15
   1.55303   0.01000  0.3744779E+00  0.3744779E+00  0.3744779E+00 -0.1665335E-15  0.1665335E-15 -0.5551115E-16
   1.56869   0.01000  0.3974801E+00  0.3974801E+00  0.3974801E+00 -0.1665335E-15 -0.1665335E-15  0.1665335E-15
   1.58434   0.01000  0.3882604E+00  0.3882604E+00  0.3882604E+00 -0.2220446E-15 -0.1110223E-15  0.1110223E-15
   1.60000   0.01000  0.3974570E+00  0.3974570E+00  0.3974570E+00  0.2220446E-15  0.3330669E-15 -0.2220446E-15
