# Im(w)=  0.1000000E-01 Ry
# Re(w) (Ry)      lambda         e1             e2          n              k              R         alpha (cm^-1)
  0.5000000E-01  0.1822534E+04  0.1439910E+02  0.2004464E+00  0.3794707E+01  0.2641132E-01  0.3397613E+00  0.1821060E+04
  0.6565657E-01  0.1387930E+04  0.1477118E+02  0.2813357E+00  0.3843504E+01  0.3659886E-01  0.3446954E+00  0.3313675E+04
  0.8131313E-01  0.1120689E+04  0.1528164E+02  0.3809643E+00  0.3909477E+01  0.4872318E-01  0.3512679E+00  0.5463368E+04
  0.9696970E-01  0.9397441E+03  0.1596654E+02  0.5103989E+00  0.3996326E+01  0.6385853E-01  0.3597517E+00  0.8539238E+04
  0.1126263E+00  0.8091071E+03  0.1688360E+02  0.6890824E+00  0.4109821E+01  0.8383363E-01  0.3705596E+00  0.1302033E+05
  0.1282828E+00  0.7103578E+03  0.1812998E+02  0.9550741E+00  0.4259407E+01  0.1121135E+00  0.3843438E+00  0.1983310E+05
  0.1439394E+00  0.6330908E+03  0.1988244E+02  0.1394329E+01  0.4461710E+01  0.1562550E+00  0.4022099E+00  0.3101543E+05
  0.1595960E+00  0.5709838E+03  0.2250055E+02  0.2245993E+01  0.4749364E+01  0.2364520E+00  0.4262511E+00  0.5203901E+05
  0.1752525E+00  0.5199737E+03  0.2680451E+02  0.4435242E+01  0.5194877E+01  0.4268862E+00  0.4610946E+00  0.1031670E+06
  0.1909091E+00  0.4773304E+03  0.3316228E+02  0.1366291E+02  0.5874899E+01  0.1162821E+01  0.5166322E+00  0.3061284E+06
  0.2065657E+00  0.4411513E+03  0.1542671E+02  0.2280988E+02  0.4634840E+01  0.2460698E+01  0.5096245E+00  0.7009395E+06
  0.2222222E+00  0.4100702E+03  0.2152964E+02  0.1137509E+02  0.4789548E+01  0.1187491E+01  0.4515105E+00  0.3638999E+06
  0.2378788E+00  0.3830804E+03  0.3452598E+02  0.2093617E+02  0.6119795E+01  0.1710529E+01  0.5434470E+00  0.5611130E+06
  0.2535354E+00  0.3594241E+03  0.3032328E+02  0.5407951E+02  0.6794264E+01  0.3979792E+01  0.6451585E+00  0.1391435E+07
  0.2691919E+00  0.3385195E+03 -0.9651352E+01  0.5302041E+02  0.4703207E+01  0.5636622E+01  0.7074123E+00  0.2092402E+07
  0.2848485E+00  0.3199129E+03 -0.2578349E+02  0.2246926E+02  0.2051432E+01  0.5476483E+01  0.7912193E+00  0.2151195E+07
  0.3005051E+00  0.3032452E+03 -0.1390038E+02  0.9513177E+01  0.1213186E+01  0.3920740E+01  0.7605994E+00  0.1624740E+07
  0.3161616E+00  0.2882282E+03 -0.4694460E+01  0.7435623E+01  0.1431622E+01  0.2596922E+01  0.5475559E+00  0.1132224E+07
  0.3318182E+00  0.2746284E+03 -0.1342093E+01  0.1202647E+02  0.2319378E+01  0.2592606E+01  0.4770251E+00  0.1186318E+07
  0.3474747E+00  0.2622542E+03 -0.2012028E+01  0.1243316E+02  0.2300313E+01  0.2702493E+01  0.4943126E+00  0.1294947E+07
  0.3631313E+00  0.2509470E+03 -0.4648505E+01  0.1218265E+02  0.2048277E+01  0.2973877E+01  0.5482391E+00  0.1489193E+07
  0.3787879E+00  0.2405745E+03 -0.2552663E+01  0.8902806E+01  0.1831512E+01  0.2430453E+01  0.4738758E+00  0.1269543E+07
  0.3944444E+00  0.2310254E+03 -0.1403458E+01  0.1515661E+02  0.2628497E+01  0.2883133E+01  0.5104865E+00  0.1568248E+07
  0.4101010E+00  0.2222055E+03 -0.8169714E+01  0.1284679E+02  0.1878130E+01  0.3420101E+01  0.6240115E+00  0.1934167E+07
  0.4257576E+00  0.2140343E+03 -0.8560705E+01  0.1033115E+02  0.1558266E+01  0.3314951E+01  0.6445079E+00  0.1946273E+07
  0.4414141E+00  0.2064426E+03 -0.7764945E+01  0.8463489E+01  0.1363986E+01  0.3102483E+01  0.6413827E+00  0.1888513E+07
  0.4570707E+00  0.1993711E+03 -0.9466921E+01  0.7136991E+01  0.1092897E+01  0.3265171E+01  0.7093661E+00  0.2058039E+07
  0.4727273E+00  0.1927680E+03 -0.8709350E+01  0.4141049E+01  0.6835042E+00  0.3029278E+01  0.7723685E+00  0.1974759E+07
  0.4883838E+00  0.1865883E+03 -0.6717253E+01  0.2093843E+01  0.3992326E+00  0.2622335E+01  0.8192391E+00  0.1766093E+07
  0.5040404E+00  0.1807925E+03 -0.4913392E+01  0.2508003E+01  0.5491281E+00  0.2283623E+01  0.7115443E+00  0.1587281E+07
  0.5196970E+00  0.1753458E+03 -0.4610115E+01  0.1962198E+01  0.4473324E+00  0.2193222E+01  0.7408644E+00  0.1571799E+07
  0.5353535E+00  0.1702178E+03 -0.3822203E+01  0.2542387E+01  0.6198093E+00  0.2050943E+01  0.6370156E+00  0.1514113E+07
  0.5510101E+00  0.1653812E+03 -0.3636564E+01  0.2151851E+01  0.5426605E+00  0.1982686E+01  0.6560458E+00  0.1506530E+07
  0.5666667E+00  0.1608118E+03 -0.3497195E+01  0.1909504E+01  0.4936332E+00  0.1934133E+01  0.6693577E+00  0.1511395E+07
  0.5823232E+00  0.1564882E+03 -0.3032113E+01  0.1758523E+01  0.4863343E+00  0.1807936E+01  0.6448704E+00  0.1451816E+07
  0.5979798E+00  0.1523909E+03 -0.2117214E+01  0.1743389E+01  0.5592015E+00  0.1558820E+01  0.5398494E+00  0.1285425E+07
  0.6136364E+00  0.1485028E+03 -0.2583138E+01  0.2783257E+01  0.7791386E+00  0.1786112E+01  0.5096310E+00  0.1511416E+07
  0.6292929E+00  0.1448081E+03 -0.2952644E+01  0.2153783E+01  0.5924794E+00  0.1817602E+01  0.5941690E+00  0.1577305E+07
  0.6449495E+00  0.1412928E+03 -0.2917190E+01  0.1599205E+01  0.4525419E+00  0.1766914E+01  0.6540108E+00  0.1571467E+07
  0.6606061E+00  0.1379441E+03 -0.2594893E+01  0.1186921E+01  0.3595622E+00  0.1650508E+01  0.6854628E+00  0.1503573E+07
  0.6762626E+00  0.1347505E+03 -0.1811679E+01  0.1295124E+01  0.4556976E+00  0.1421035E+01  0.5595417E+00  0.1325209E+07
  0.6919192E+00  0.1317014E+03 -0.1931678E+01  0.1648083E+01  0.5511470E+00  0.1495139E+01  0.5250266E+00  0.1426597E+07
  0.7075758E+00  0.1287872E+03 -0.2409750E+01  0.1734662E+01  0.5288743E+00  0.1639957E+01  0.5791659E+00  0.1600183E+07
  0.7232323E+00  0.1259992E+03 -0.2410054E+01  0.1039220E+01  0.3274984E+00  0.1586603E+01  0.6938953E+00  0.1582378E+07
  0.7388889E+00  0.1233294E+03 -0.2115965E+01  0.5391201E+00  0.1838485E+00  0.1466208E+01  0.7929204E+00  0.1493960E+07
  0.7545455E+00  0.1207703E+03 -0.1566150E+01  0.4518627E+00  0.1787211E+00  0.1264156E+01  0.7607062E+00  0.1315377E+07
  0.7702020E+00  0.1183153E+03 -0.1234336E+01  0.5499794E+00  0.2418500E+00  0.1137026E+01  0.6587677E+00  0.1207645E+07
  0.7858586E+00  0.1159581E+03 -0.1026363E+01  0.8274678E+00  0.3821101E+00  0.1082761E+01  0.5041716E+00  0.1173387E+07
  0.8015152E+00  0.1136931E+03 -0.1234482E+01  0.1117882E+01  0.4641835E+00  0.1204138E+01  0.4833481E+00  0.1330921E+07
  0.8171717E+00  0.1115148E+03 -0.1379960E+01  0.8753808E+00  0.3565328E+00  0.1227630E+01  0.5739403E+00  0.1383391E+07
  0.8328283E+00  0.1094184E+03 -0.1201058E+01  0.5781158E+00  0.2568004E+00  0.1125613E+01  0.6391417E+00  0.1292733E+07
  0.8484848E+00  0.1073993E+03 -0.1149559E+01  0.7177063E+00  0.3206625E+00  0.1119099E+01  0.5719553E+00  0.1309414E+07
  0.8641414E+00  0.1054535E+03 -0.1151983E+01  0.6136085E+00  0.2767939E+00  0.1108421E+01  0.6127133E+00  0.1320851E+07
  0.8797980E+00  0.1035769E+03 -0.1026493E+01  0.4712889E+00  0.2269589E+00  0.1038269E+01  0.6485931E+00  0.1259671E+07
  0.8954545E+00  0.1017659E+03 -0.8627056E+00  0.4145645E+00  0.2172998E+00  0.9538998E+00  0.6365834E+00  0.1177906E+07
  0.9111111E+00  0.1000171E+03 -0.8049147E+00  0.4316197E+00  0.2328322E+00  0.9268902E+00  0.6085211E+00  0.1164565E+07
  0.9424242E+00  0.9669393E+02 -0.7266027E+00  0.2935472E+00  0.1689028E+00  0.8689826E+00  0.6815355E+00  0.1129332E+07
  0.9580808E+00  0.9511380E+02 -0.5700531E+00  0.2867056E+00  0.1844428E+00  0.7772209E+00  0.6323968E+00  0.1026859E+07
  0.1005051E+01  0.9066878E+02 -0.3548970E+00  0.3543919E+00  0.2707823E+00  0.6543852E+00  0.4698619E+00  0.9069547E+06
  0.1020707E+01  0.8927802E+02 -0.4026600E+00  0.2865960E+00  0.2139850E+00  0.6696638E+00  0.5547103E+00  0.9425885E+06
  0.1067677E+01  0.8535046E+02 -0.5648098E-01  0.3702570E+00  0.3987851E+00  0.4642312E+00  0.2656264E+00  0.6834996E+06
  0.1114646E+01  0.8175391E+02 -0.2653432E+00  0.4494178E+00  0.3581623E+00  0.6273941E+00  0.3599182E+00  0.9643658E+06
  0.1130303E+01  0.8062148E+02 -0.2411167E+00  0.3003207E+00  0.2683462E+00  0.5595770E+00  0.4414773E+00  0.8722057E+06
  0.1145960E+01  0.7952000E+02 -0.1261943E+00  0.2835843E+00  0.3034804E+00  0.4672201E+00  0.3668772E+00  0.7383377E+06
  0.1192929E+01  0.7638902E+02 -0.1219363E+00  0.2692313E+00  0.2946360E+00  0.4568880E+00  0.3747210E+00  0.7516033E+06
  0.1208586E+01  0.7539945E+02 -0.8794641E-01  0.1851648E+00  0.2419120E+00  0.3827111E+00  0.4270249E+00  0.6378415E+06
  0.1224242E+01  0.7443518E+02 -0.4060690E-02  0.1478633E+00  0.2681962E+00  0.2756626E+00  0.3630723E+00  0.4653819E+06
  0.1255556E+01  0.7257879E+02  0.7216093E-01  0.2102125E+00  0.3836757E+00  0.2739455E+00  0.2286393E+00  0.4743122E+06
  0.1271212E+01  0.7168489E+02  0.5768910E-01  0.2275208E+00  0.3823674E+00  0.2975159E+00  0.2350569E+00  0.5215458E+06
  0.1286869E+01  0.7081275E+02  0.8092476E-01  0.1811206E+00  0.3736990E+00  0.2423349E+00  0.2317735E+00  0.4300454E+06
  0.1302525E+01  0.6996156E+02  0.8290626E-01  0.1703270E+00  0.3690115E+00  0.2307882E+00  0.2341998E+00  0.4145376E+06
  0.1318182E+01  0.6913060E+02  0.1262115E+00  0.1760796E+00  0.4140366E+00  0.2126377E+00  0.1900353E+00  0.3865270E+06
  0.1333838E+01  0.6831915E+02  0.1300211E+00  0.1493067E+00  0.4049728E+00  0.1843417E+00  0.1932533E+00  0.3390712E+06
  0.1349495E+01  0.6752653E+02  0.1632401E+00  0.1512620E+00  0.4391969E+00  0.1722029E+00  0.1638094E+00  0.3204616E+06
  0.1365152E+01  0.6675208E+02  0.1810959E+00  0.1480773E+00  0.4555351E+00  0.1625311E+00  0.1505168E+00  0.3059720E+06
  0.1412121E+01  0.6453179E+02  0.2280638E+00  0.1054543E+00  0.4895549E+00  0.1077043E+00  0.1220219E+00  0.2097341E+06
  0.1474747E+01  0.6179140E+02  0.3025065E+00  0.7238211E-01  0.5538737E+00  0.6534171E-01  0.8404946E-01  0.1328839E+06
  0.1490404E+01  0.6114228E+02  0.3298139E+00  0.7161450E-01  0.5776302E+00  0.6198992E-01  0.7310732E-01  0.1274058E+06
  0.1506061E+01  0.6050667E+02  0.3512215E+00  0.8040234E-01  0.5964597E+00  0.6739964E-01  0.6555919E-01  0.1399794E+06
  0.1521717E+01  0.5988413E+02  0.3618274E+00  0.8995859E-01  0.6060817E+00  0.7421326E-01  0.6215817E-01  0.1557326E+06
  0.1553030E+01  0.5867671E+02  0.3744779E+00  0.7733802E-01  0.6151660E+00  0.6285947E-01  0.5819566E-01  0.1346216E+06
  0.1568687E+01  0.5809107E+02  0.3974801E+00  0.7461481E-01  0.6332073E+00  0.5891815E-01  0.5167228E-01  0.1274529E+06
  0.1584343E+01  0.5751701E+02  0.3882604E+00  0.7860374E-01  0.6262578E+00  0.6275670E-01  0.5422442E-01  0.1371114E+06
