     0.6666670     4.9784424
     0.6777788     4.8534050
     0.6888892     4.7323956
     0.7000009     4.6153489
     0.7111118     4.5025442
     0.7222231     4.3936215
     0.7333340     4.2887920
     0.7444452     4.1882433
     0.7555561     4.0917037
     0.7666674     3.9993333
     0.7777783     3.9108062
     0.7888896     3.8264229
     0.8000005     3.7464078
     0.8111122     3.6705536
     0.8222226     3.5989680
     0.8333344     3.5316490
     0.8444448     3.4687634
     0.8555565     3.4101668
     0.8666669     3.3557879
     0.8777787     3.3057323
     0.8888891     3.2600070
     0.9000009     3.2186120
     0.9111117     3.1815645
     0.9222230     3.1488467
     0.9333339     3.1204978
     0.9444452     3.0964799
     0.9555561     3.0768367
     0.9666673     3.0615614
     0.9777782     3.0506294
     0.9888895     3.0441433
     1.0000004     3.0419602

     0.6666670     4.9784675
     0.6777788     4.8550736
     0.6888892     4.7346232
     0.7000009     4.6177272
     0.7111118     4.5045574
     0.7222231     4.3953229
     0.7333340     4.2901601
     0.7444452     4.1890387
     0.7555561     4.0920748
     0.7666674     3.9993925
     0.7777783     3.9111534
     0.7888896     3.8270420
     0.8000005     3.7471769
     0.8111122     3.6716505
     0.8222226     3.6004200
     0.8333344     3.5333988
     0.8444448     3.4707602
     0.8555565     3.4122901
     0.8666669     3.3581117
     0.8777787     3.3082342
     0.8888891     3.2626818
     0.9000009     3.2214433
     0.9111117     3.1844505
     0.9222230     3.1518499
     0.9333339     3.1235791
     0.9444452     3.0996300
     0.9555561     3.0799989
     0.9666673     3.0647655
     0.9777782     3.0538652
     0.9888895     3.0473351
     1.0000004     3.0451335

     0.6666670     4.9784675
     0.6777788     5.2299644
     0.6888892     5.4781075
     0.7000009     5.7024924
     0.7111118     5.7965312
     0.7222231     5.7383455
     0.7333340     5.6490672
     0.7444452     5.5559045
     0.7555561     5.4641424
     0.7666674     5.3752671
     0.7777783     5.2899619
     0.7888896     5.2083409
     0.8000005     5.1306706
     0.8111122     5.0570272
     0.8222226     4.9874747
     0.8333344     4.9220409
     0.8444448     4.8607596
     0.8555565     4.8036951
     0.8666669     4.7507747
     0.8777787     4.7020555
     0.8888891     4.6575595
     0.9000009     4.6172707
     0.9111117     4.5811943
     0.9222230     4.5493444
     0.9333339     4.5216385
     0.9444452     4.4982808
     0.9555561     4.4791552
     0.9666673     4.4642862
     0.9777782     4.4536650
     0.9888895     4.4473850
     1.0000004     4.4452488

     0.6666670     6.3724471
     0.6777788     6.2536566
     0.6888892     6.1455613
     0.7000009     6.0503546
     0.7111118     5.9461803
     0.7222231     5.8443341
     0.7333340     5.7453229
     0.7444452     5.6496270
     0.7555561     5.5571192
     0.7666674     5.4681330
     0.7777783     5.3828044
     0.7888896     5.3012355
     0.8000005     5.2234742
     0.8111122     5.1497016
     0.8222226     5.0799003
     0.8333344     5.0141647
     0.8444448     4.9525211
     0.8555565     4.8950037
     0.8666669     4.8416461
     0.8777787     4.7924756
     0.8888891     4.7475419
     0.9000009     4.7068602
     0.9111117     4.6704337
     0.9222230     4.6382084
     0.9333339     4.6101588
     0.9444452     4.5864701
     0.9555561     4.5671025
     0.9666673     4.5520245
     0.9777782     4.5412472
     0.9888895     4.5347821
     1.0000004     4.5326070

     0.6666670     6.3724471
     0.6777788     6.2643543
     0.6888892     6.1566939
     0.7000009     6.0683390
     0.7111118     6.1283842
     0.7222231     6.3472414
     0.7333340     6.6033475
     0.7444452     6.8687523
     0.7555561     7.1371317
     0.7666674     7.4045649
     0.7777783     7.6651454
     0.7888896     7.9036526
     0.8000005     7.8942332
     0.8111122     7.8607939
     0.8222226     7.8216758
     0.8333344     7.7796839
     0.8444448     7.7368940
     0.8555565     7.6945463
     0.8666669     7.6535213
     0.8777787     7.6144951
     0.8888891     7.5779378
     0.9000009     7.5441661
     0.9111117     7.5134924
     0.9222230     7.4860874
     0.9333339     7.4621001
     0.9444452     7.4416327
     0.9555561     7.4248333
     0.9666673     7.4116739
     0.9777782     7.4021494
     0.9888895     7.3964847
     1.0000004     7.3945920

     0.6666670     6.3724540
     0.6777788     6.6027190
     0.6888892     6.8307358
     0.7000009     7.0530086
     0.7111118     7.2648082
     0.7222231     7.4596160
     0.7333340     7.6287346
     0.7444452     7.7629443
     0.7555561     7.8556971
     0.7666674     7.9074479
     0.7777783     7.9248981
     0.7888896     7.9176573
     0.8000005     8.0791690
     0.8111122     8.1435018
     0.8222226     8.1307477
     0.8333344     8.0903594
     0.8444448     8.0419078
     0.8555565     7.9921306
     0.8666669     7.9436279
     0.8777787     7.8976862
     0.8888891     7.8550203
     0.9000009     7.8158714
     0.9111117     7.7804626
     0.9222230     7.7490725
     0.9333339     7.7217334
     0.9444452     7.6985220
     0.9555561     7.6794630
     0.9666673     7.6646221
     0.9777782     7.6540068
     0.9888895     7.6476324
     1.0000004     7.6454905

     0.6666670     9.6278691
     0.6777788     9.5028337
     0.6888892     9.3821261
     0.7000009     9.2658744
     0.7111118     9.1542691
     0.7222231     9.0474451
     0.7333340     8.9458005
     0.7444452     8.8498031
     0.7555561     8.7606431
     0.7666674     8.6804249
     0.7777783     8.6143699
     0.7888896     8.5767471
     0.8000005     8.6082033
     0.8111122     8.7562713
     0.8222226     8.9862246
     0.8333344     9.2474103
     0.8444448     9.5190387
     0.8555565     9.7925367
     0.8666669    10.0625245
     0.8777787    10.3238612
     0.8888891    10.5703672
     0.9000009    10.7943303
     0.9111117    10.9871503
     0.9222230    11.1422495
     0.9333339    11.2580436
     0.9444452    11.3390165
     0.9555561    11.3929362
     0.9666673    11.4274790
     0.9777782    11.4484516
     0.9888895    11.4596639
     1.0000004    11.4631580

     0.6666670     9.6278691
     0.6777788     9.5278924
     0.6888892     9.4391511
     0.7000009     9.3646055
     0.7111118     9.3085955
     0.7222231     9.2774746
     0.7333340     9.2796980
     0.7444452     9.3242339
     0.7555561     9.4179233
     0.7666674     9.5599888
     0.7777783     9.7432278
     0.7888896     9.9577251
     0.8000005    10.1947596
     0.8111122    10.4471727
     0.8222226    10.7093289
     0.8333344    10.9762480
     0.8444448    11.2414423
     0.8555565    11.4937431
     0.8666669    11.7109606
     0.8777787    11.8598151
     0.8888891    11.9301952
     0.9000009    11.9506679
     0.9111117    11.9484569
     0.9222230    11.9372091
     0.9333339    11.9230216
     0.9444452    11.9087673
     0.9555561    11.8959983
     0.9666673    11.8854868
     0.9777782    11.8777119
     0.9888895    11.8729740
     1.0000004    11.8713751

     0.6666670     9.6278749
     0.6777788     9.8640459
     0.6888892    10.1077505
     0.7000009    10.3579564
     0.7111118    10.6140296
     0.7222231    10.8754283
     0.7333340    11.1417838
     0.7444452    11.4127032
     0.7555561    11.6881107
     0.7666674    11.9677045
     0.7777783    12.2512955
     0.7888896    12.5385731
     0.8000005    12.6312461
     0.8111122    12.5705139
     0.8222226    12.5163558
     0.8333344    12.4695851
     0.8444448    12.4313651
     0.8555565    12.4034057
     0.8666669    12.3881073
     0.8777787    12.3891075
     0.8888891    12.4116105
     0.9000009    12.4624115
     0.9111117    12.5489785
     0.9222230    12.6773321
     0.9333339    12.8476348
     0.9444452    13.0533591
     0.9555561    13.2831606
     0.9666673    13.5234659
     0.9777782    13.7551482
     0.9888895    13.9434728
     1.0000004    14.0222957

     0.6666670    13.7532423
     0.6777788    13.6353446
     0.6888892    13.5215370
     0.7000009    13.4119672
     0.7111118    13.3068372
     0.7222231    13.2059170
     0.7333340    13.1094275
     0.7444452    13.0176333
     0.7555561    12.9303344
     0.7666674    12.8478383
     0.7777783    12.7703895
     0.7888896    12.6979641
     0.8000005    12.6385605
     0.8111122    12.5754142
     0.8222226    12.5193441
     0.8333344    12.4727347
     0.8444448    12.4399697
     0.8555565    12.4306878
     0.8666669    12.4659550
     0.8777787    12.5781727
     0.8888891    12.7766382
     0.9000009    13.0317660
     0.9111117    13.3157465
     0.9222230    13.6133389
     0.9333339    13.9170043
     0.9444452    14.2207385
     0.9555561    14.5184809
     0.9666673    14.8007539
     0.9777782    15.0499948
     0.9888895    15.1770372
     1.0000004    15.0958550

     0.6666670    13.7532423
     0.6777788    13.6401596
     0.6888892    13.5300467
     0.7000009    13.4235136
     0.7111118    13.3202006
     0.7222231    13.2205168
     0.7333340    13.1246195
     0.7444452    13.0326014
     0.7555561    12.9446712
     0.7666674    12.8610824
     0.7777783    12.7818967
     0.7888896    12.7075014
     0.8000005    12.8295045
     0.8111122    13.1240614
     0.8222226    13.4218687
     0.8333344    13.7228636
     0.8444448    14.0267711
     0.8555565    14.3333375
     0.8666669    14.6422622
     0.8777787    14.9531639
     0.8888891    15.2655439
     0.9000009    15.5786361
     0.9111117    15.8913890
     0.9222230    16.2025854
     0.9333339    16.3902683
     0.9444452    16.1375590
     0.9555561    15.8764596
     0.9666673    15.6161101
     0.9777782    15.3720285
     0.9888895    15.2339186
     1.0000004    15.3045087

