     0.6666670     4.8683455
     0.6777788     4.7427831
     0.6888892     4.6211958
     0.7000009     4.5037609
     0.7111118     4.3902766
     0.7222231     4.2809075
     0.7333340     4.1756557
     0.7444452     4.0745388
     0.7555561     3.9774450
     0.7666674     3.8846036
     0.7777783     3.7959312
     0.7888896     3.7115527
     0.8000005     3.6313183
     0.8111122     3.5553223
     0.8222226     3.4836377
     0.8333344     3.4163397
     0.8444448     3.3532493
     0.8555565     3.2944717
     0.8666669     3.2400155
     0.8777787     3.1898885
     0.8888891     3.1440978
     0.9000009     3.1027493
     0.9111117     3.0656408
     0.9222230     3.0328741
     0.9333339     3.0044637
     0.9444452     2.9804528
     0.9555561     2.9607879
     0.9666673     2.9454833
     0.9777782     2.9345280
     0.9888895     2.9279710
     1.0000004     2.9257224

     0.6666670     4.8683673
     0.6777788     4.7434552
     0.6888892     4.6220566
     0.7000009     4.5044954
     0.7111118     4.3908968
     0.7222231     4.2813684
     0.7333340     4.1758549
     0.7444452     4.0747448
     0.7555561     3.9778098
     0.7666674     3.8850747
     0.7777783     3.7965502
     0.7888896     3.7123620
     0.8000005     3.6323615
     0.8111122     3.5565259
     0.8222226     3.4849870
     0.8333344     3.4177270
     0.8444448     3.3547731
     0.8555565     3.2961028
     0.8666669     3.2416360
     0.8777787     3.1915916
     0.8888891     3.1458675
     0.9000009     3.1044789
     0.9111117     3.0674682
     0.9222230     3.0347653
     0.9333339     3.0063486
     0.9444452     2.9823670
     0.9555561     2.9627445
     0.9666673     2.9474831
     0.9777782     2.9365681
     0.9888895     2.9300605
     1.0000004     2.9278768

     0.6666670     4.8683673
     0.6777788     5.1237921
     0.6888892     5.3808492
     0.7000009     5.6371825
     0.7111118     5.8835653
     0.7222231     6.0484620
     0.7333340     6.0169751
     0.7444452     5.9335685
     0.7555561     5.8452643
     0.7666674     5.7582990
     0.7777783     5.6743326
     0.7888896     5.5939160
     0.8000005     5.5173181
     0.8111122     5.4446679
     0.8222226     5.3760422
     0.8333344     5.3115200
     0.8444448     5.2510720
     0.8555565     5.1947408
     0.8666669     5.1425473
     0.8777787     5.0945030
     0.8888891     5.0505082
     0.9000009     5.0107837
     0.9111117     4.9752363
     0.9222230     4.9438408
     0.9333339     4.9166174
     0.9444452     4.8935955
     0.9555561     4.8747571
     0.9666673     4.8600963
     0.9777782     4.8496293
     0.9888895     4.8433423
     1.0000004     4.8411600

     0.6666670     6.7359847
     0.6777788     6.6147479
     0.6888892     6.4990438
     0.7000009     6.3908689
     0.7111118     6.2993372
     0.7222231     6.2734764
     0.7333340     6.1800324
     0.7444452     6.0888371
     0.7555561     6.0000069
     0.7666674     5.9140928
     0.7777783     5.8313563
     0.7888896     5.7520084
     0.8000005     5.6762275
     0.8111122     5.6040520
     0.8222226     5.5357079
     0.8333344     5.4712316
     0.8444448     5.4107167
     0.8555565     5.3541734
     0.8666669     5.3016126
     0.8777787     5.2531966
     0.8888891     5.2088056
     0.9000009     5.1686387
     0.9111117     5.1327189
     0.9222230     5.1009241
     0.9333339     5.0733343
     0.9444452     5.0499957
     0.9555561     5.0309265
     0.9666673     5.0160400
     0.9777782     5.0054001
     0.9888895     4.9990145
     1.0000004     4.9968853

     0.6666670     6.7359847
     0.6777788     6.6498364
     0.6888892     6.5580373
     0.7000009     6.4636027
     0.7111118     6.3682346
     0.7222231     6.2953776
     0.7333340     6.4928703
     0.7444452     6.7458569
     0.7555561     7.0038480
     0.7666674     7.2520345
     0.7777783     7.4179462
     0.7888896     7.3656375
     0.8000005     7.3105641
     0.8111122     7.2546616
     0.8222226     7.1992568
     0.8333344     7.1452831
     0.8444448     7.0933343
     0.8555565     7.0439099
     0.8666669     6.9973582
     0.8777787     6.9539415
     0.8888891     6.9138599
     0.9000009     6.8773177
     0.9111117     6.8443444
     0.9222230     6.8150658
     0.9333339     6.7895185
     0.9444452     6.7679083
     0.9555561     6.7501273
     0.9666673     6.7363512
     0.9777782     6.7263437
     0.9888895     6.7203834
     1.0000004     6.7183893

     0.6666670     6.7359870
     0.6777788     6.9358607
     0.6888892     7.1189811
     0.7000009     7.2764864
     0.7111118     7.3987108
     0.7222231     7.4789887
     0.7333340     7.5176656
     0.7444452     7.5218922
     0.7555561     7.5013443
     0.7666674     7.4646871
     0.7777783     7.4661908
     0.7888896     7.5970280
     0.8000005     7.6245788
     0.8111122     7.5960881
     0.8222226     7.5478420
     0.8333344     7.4936511
     0.8444448     7.4387161
     0.8555565     7.3852169
     0.8666669     7.3343535
     0.8777787     7.2867413
     0.8888891     7.2427422
     0.9000009     7.2025885
     0.9111117     7.1664327
     0.9222230     7.1343641
     0.9333339     7.1064160
     0.9444452     7.0827438
     0.9555561     7.0633331
     0.9666673     7.0481896
     0.9777782     7.0373750
     0.9888895     7.0308603
     1.0000004     7.0286941

     0.6666670     9.0469786
     0.6777788     8.9210463
     0.6888892     8.7996855
     0.7000009     8.6831032
     0.7111118     8.5716037
     0.7222231     8.4657021
     0.7333340     8.3661327
     0.7444452     8.2746277
     0.7555561     8.1944654
     0.7666674     8.1339566
     0.7777783     8.1157268
     0.7888896     8.1882330
     0.8000005     8.3711808
     0.8111122     8.6167334
     0.8222226     8.8883663
     0.8333344     9.1719139
     0.8444448     9.4616518
     0.8555565     9.7546625
     0.8666669    10.0489748
     0.8777787    10.3428086
     0.8888891    10.6341041
     0.9000009    10.9203267
     0.9111117    11.1976140
     0.9222230    11.4606034
     0.9333339    11.7014853
     0.9444452    11.9101587
     0.9555561    12.0767103
     0.9666673    12.1965976
     0.9777782    12.2734236
     0.9888895    12.3150374
     1.0000004    12.3280944

     0.6666670     9.0469786
     0.6777788     8.9782370
     0.6888892     8.9345195
     0.7000009     8.9245525
     0.7111118     8.9578579
     0.7222231     9.0410227
     0.7333340     9.1735148
     0.7444452     9.3481916
     0.7555561     9.5551331
     0.7666674     9.7859255
     0.7777783    10.0339035
     0.7888896    10.2947572
     0.8000005    10.5652921
     0.8111122    10.8430289
     0.8222226    11.1265785
     0.8333344    11.4140116
     0.8444448    11.7032418
     0.8555565    11.9911298
     0.8666669    12.2716188
     0.8777787    12.5309827
     0.8888891    12.7387896
     0.9000009    12.8593894
     0.9111117    12.9050988
     0.9222230    12.9145739
     0.9333339    12.9101263
     0.9444452    12.9010130
     0.9555561    12.8911148
     0.9666673    12.8823167
     0.9777782    12.8755297
     0.9888895    12.8713103
     1.0000004    12.8698684

     0.6666670     9.0469859
     0.6777788     9.2622517
     0.6888892     9.4911169
     0.7000009     9.7306552
     0.7111118     9.9789019
     0.7222231    10.2345206
     0.7333340    10.4965510
     0.7444452    10.7643497
     0.7555561    11.0371955
     0.7666674    11.3149775
     0.7777783    11.5972434
     0.7888896    11.8837222
     0.8000005    12.1741698
     0.8111122    12.4681293
     0.8222226    12.7658096
     0.8333344    13.0667618
     0.8444448    13.2865868
     0.8555565    13.2402986
     0.8666669    13.2001775
     0.8777787    13.1670396
     0.8888891    13.1420780
     0.9000009    13.1271941
     0.9111117    13.1253246
     0.9222230    13.1406178
     0.9333339    13.1797046
     0.9444452    13.2508574
     0.9555561    13.3608976
     0.9666673    13.5090987
     0.9777782    13.6816469
     0.9888895    13.8437434
     1.0000004    13.9200444

