     0.0000000    -3.1090583
     0.0222220    -3.0998589
     0.0444440    -3.0720117
     0.0666670    -3.0256762
     0.0888890    -2.9606061
     0.1111110    -2.8770021
     0.1333330    -2.7750965
     0.1555560    -2.6544869
     0.1777780    -2.5156381
     0.2000000    -2.3585423
     0.2222220    -2.1832732
     0.2444440    -1.9898508
     0.2666670    -1.7784027
     0.2888890    -1.5490571
     0.3111110    -1.3019825
     0.3333330    -1.0373747
     0.3555560    -0.7552083
     0.3777780    -0.4557154
     0.4000000    -0.1390474
     0.4222220     0.1944066
     0.4444440     0.5448756
     0.4666670     0.9118929
     0.4888890     1.2954053
     0.5111110     1.6950914
     0.5333330     2.1106472
     0.5555560     2.5419808
     0.5777780     2.9884871
     0.6000000     3.4499009
     0.6222220     3.9258749
     0.6444440     4.4152931
     0.6666670     4.9168292

     0.0000000    -1.2427283
     0.0222220    -1.2336521
     0.0444440    -1.2062813
     0.0666670    -1.1606563
     0.0888890    -1.0967915
     0.1111110    -1.0146718
     0.1333330    -0.9144437
     0.1555560    -0.7961465
     0.1777780    -0.6598060
     0.2000000    -0.5056831
     0.2222220    -0.3335430
     0.2444440    -0.1436986
     0.2666670     0.0638227
     0.2888890     0.2888882
     0.3111110     0.5313622
     0.3333330     0.7909621
     0.3555560     1.0678131
     0.3777780     1.3615652
     0.4000000     1.6720454
     0.4222220     1.9988689
     0.4444440     2.3419719
     0.4666670     2.7010801
     0.4888890     3.0757573
     0.5111110     3.4653884
     0.5333330     3.8692549
     0.5555560     4.2860185
     0.5777780     4.7128093
     0.6000000     5.1377299
     0.6222220     5.3844572
     0.6444440     5.1719047
     0.6666670     4.9168523

     0.0000000     1.1932781
     0.0222220     1.2021443
     0.0444440     1.2288837
     0.0666670     1.2733573
     0.0888890     1.3356916
     0.1111110     1.4158107
     0.1333330     1.5134922
     0.1555560     1.6288476
     0.1777780     1.7617717
     0.2000000     1.9120552
     0.2222220     2.0797418
     0.2444440     2.2647197
     0.2666670     2.4666834
     0.2888890     2.6855332
     0.3111110     2.9212507
     0.3333330     3.1733638
     0.3555560     3.4417295
     0.3777780     3.7261162
     0.4000000     4.0258925
     0.4222220     4.3404324
     0.4444440     4.6687758
     0.4666670     5.0093297
     0.4888890     5.3596562
     0.5111110     5.7146945
     0.5333330     6.0615868
     0.5555560     6.2899166
     0.5777780     6.0484513
     0.6000000     5.7481473
     0.6222220     5.4568249
     0.6444440     5.1792458
     0.6666670     4.9168523

     0.0000000     6.4930077
     0.0222220     6.5013518
     0.0444440     6.5264670
     0.0666670     6.5682830
     0.0888890     6.6267689
     0.1111110     6.7017820
     0.1333330     6.7930901
     0.1555560     6.9005900
     0.1777780     7.0239393
     0.2000000     7.1626306
     0.2222220     7.3160081
     0.2444440     7.4832938
     0.2666670     7.6629792
     0.2888890     7.8527180
     0.3111110     8.0483774
     0.3333330     8.2419949
     0.3555560     8.4174541
     0.3777780     8.5396106
     0.4000000     8.5453641
     0.4222220     8.3894927
     0.4444440     8.1128355
     0.4666670     7.7810258
     0.4888890     7.4315894
     0.5111110     7.0825237
     0.5333330     6.7467196
     0.5555560     6.4368308
     0.5777780     6.1115535
     0.6000000     5.8156417
     0.6222220     5.7235610
     0.6444440     6.1118906
     0.6666670     6.5562180

     0.0000000    11.0166325
     0.0222220    11.0240625
     0.0444440    11.0463294
     0.0666670    11.0831588
     0.0888890    11.1340694
     0.1111110    11.1982859
     0.1333330    11.2745538
     0.1555560    11.3604456
     0.1777780    11.4520597
     0.2000000    11.5413381
     0.2222220    11.6119431
     0.2444440    11.6286239
     0.2666670    11.5308363
     0.2888890    11.2789859
     0.3111110    10.9120873
     0.3333330    10.4902399
     0.3555560    10.0488217
     0.3777780     9.6043683
     0.4000000     9.1648457
     0.4222220     8.7343735
     0.4444440     8.3157290
     0.4666670     7.9100869
     0.4888890     7.5185676
     0.5111110     7.1419907
     0.5333330     6.7810870
     0.5555560     6.5217591
     0.5777780     6.7244131
     0.6000000     6.8778370
     0.6222220     6.8692198
     0.6444440     6.7399219
     0.6666670     6.5562180

     0.0000000    18.9417157
     0.0222220    18.6798151
     0.0444440    18.1730909
     0.0666670    17.6240331
     0.0888890    17.0517638
     0.1111110    16.4684966
     0.1333330    15.8708694
     0.1555560    15.2750427
     0.1777780    14.6854429
     0.2000000    14.1050450
     0.2222220    13.5365024
     0.2444440    12.9823739
     0.2666670    12.4442851
     0.2888890    11.9253918
     0.3111110    11.4298597
     0.3333330    10.9649820
     0.3555560    10.5457111
     0.3777780    10.2037199
     0.4000000     9.9928301
     0.4222220     9.9319106
     0.4444440     9.8943148
     0.4666670     9.4859817
     0.4888890     9.0939429
     0.5111110     8.7182683
     0.5333330     8.3590522
     0.5555560     8.0164378
     0.5777780     7.6902804
     0.6000000     7.3808946
     0.6222220     7.0884056
     0.6444440     6.8131658
     0.6666670     6.5562224

     0.0000000    19.1206655
     0.0222220    18.7044117
     0.0444440    18.1951926
     0.0666670    17.6416036
     0.0888890    17.0617504
     0.1111110    16.4700859
     0.1333330    15.8887020
     0.1555560    15.3154010
     0.1777780    14.7578925
     0.2000000    14.2265705
     0.2222220    13.7397315
     0.2444440    13.3335625
     0.2666670    13.0690291
     0.2888890    12.9853685
     0.3111110    12.6788663
     0.3333330    12.1759156
     0.3555560    11.6881835
     0.3777780    11.2159589
     0.4000000    10.7594730
     0.4222220    10.3188164
     0.4444440     9.8997636
     0.4666670     9.7278397
     0.4888890     9.4451309
     0.5111110     9.1369003
     0.5333330     8.8422205
     0.5555560     8.5883730
     0.5777780     8.4166893
     0.6000000     8.3963021
     0.6222220     8.5740597
     0.6444440     8.9048647
     0.6666670     9.3220630

     0.0000000    19.1206656
     0.0222220    18.9359338
     0.0444440    18.9022942
     0.0666670    18.7379816
     0.0888890    18.3017077
     0.1111110    17.7451444
     0.1333330    17.1603603
     0.1555560    16.5703507
     0.1777780    15.9832329
     0.2000000    15.4031701
     0.2222220    14.8330044
     0.2444440    14.2744237
     0.2666670    13.7286424
     0.2888890    13.1966418
     0.3111110    13.0427455
     0.3333330    12.6740097
     0.3555560    12.2064764
     0.3777780    11.7620021
     0.4000000    11.3497408
     0.4222220    10.9975123
     0.4444440    10.7867976
     0.4666670    10.8220547
     0.4888890    11.0391339
     0.5111110    11.3404410
     0.5333330    10.9998440
     0.5555560    10.6658503
     0.5777780    10.3501799
     0.6000000    10.0544293
     0.6222220     9.7811078
     0.6444440     9.5342649
     0.6666670     9.3220630

     0.0000000    19.1469969
     0.0222220    19.4755756
     0.0444440    19.6557796
     0.0666670    19.2386363
     0.0888890    18.6746910
     0.1111110    18.0984689
     0.1333330    17.5190621
     0.1555560    16.9417383
     0.1777780    16.3702915
     0.2000000    15.8065235
     0.2222220    15.2525603
     0.2444440    14.7102414
     0.2666670    14.1797248
     0.2888890    13.6626562
     0.3111110    13.1602502
     0.3333330    13.1769303
     0.3555560    13.3396766
     0.3777780    13.4435383
     0.4000000    13.2600684
     0.4222220    12.8893791
     0.4444440    12.4922491
     0.4666670    12.0992108
     0.4888890    11.7178114
     0.5111110    11.3509359
     0.5333330    11.1468854
     0.5555560    10.8038282
     0.5777780    10.4757035
     0.6000000    10.1632486
     0.6222220     9.8665281
     0.6444440     9.5859312
     0.6666670     9.3220695

     0.0000000    19.1469969
     0.0222220    19.5035907
     0.0444440    19.7221020
     0.0666670    19.2706392
     0.0888890    19.1147762
     0.1111110    19.0170919
     0.1333330    18.8359369
     0.1555560    18.5263510
     0.1777780    18.1239387
     0.2000000    17.6752526
     0.2222220    17.2057551
     0.2444440    16.7280939
     0.2666670    16.2489492
     0.2888890    15.7724039
     0.3111110    15.3008702
     0.3333330    14.8363540
     0.3555560    14.3803727
     0.3777780    13.9340604
     0.4000000    13.4985212
     0.4222220    13.0742525
     0.4444440    12.6621700
     0.4666670    12.2628569
     0.4888890    11.8768744
     0.5111110    11.5047063
     0.5333330    11.6862791
     0.5555560    12.0615135
     0.5777780    12.4593602
     0.6000000    12.8758177
     0.6222220    13.3079014
     0.6444440    13.7529495
     0.6666670    14.2087759

