     0.6666670     4.9168292
     0.6777788     4.7914827
     0.6888892     4.6701172
     0.7000009     4.5528970
     0.7111118     4.4395144
     0.7222231     4.3304133
     0.7333340     4.2253460
     0.7444452     4.1245195
     0.7555561     4.0276630
     0.7666674     3.9348867
     0.7777783     3.8462179
     0.7888896     3.7617831
     0.8000005     3.6815739
     0.8111122     3.6056491
     0.8222226     3.5341186
     0.8333344     3.4667670
     0.8444448     3.4038110
     0.8555565     3.3451698
     0.8666669     3.2907458
     0.8777787     3.2406485
     0.8888891     3.1948851
     0.9000009     3.1534489
     0.9111117     3.1163706
     0.9222230     3.0835810
     0.9333339     3.0552070
     0.9444452     3.0311923
     0.9555561     3.0115584
     0.9666673     2.9962436
     0.9777782     2.9853223
     0.9888895     2.9787698
     1.0000004     2.9766684

     0.6666670     4.9168523
     0.6777788     4.7923990
     0.6888892     4.6713737
     0.7000009     4.5540702
     0.7111118     4.4406447
     0.7222231     4.3312193
     0.7333340     4.2258662
     0.7444452     4.1247479
     0.7555561     4.0277512
     0.7666674     3.9351715
     0.7777783     3.8467930
     0.7888896     3.7626314
     0.8000005     3.6826777
     0.8111122     3.6070430
     0.8222226     3.5357253
     0.8333344     3.4685194
     0.8444448     3.4056409
     0.8555565     3.3470546
     0.8666669     3.2927860
     0.8777787     3.2428117
     0.8888891     3.1971562
     0.9000009     3.1558408
     0.9111117     3.1188200
     0.9222230     3.0860720
     0.9333339     3.0577727
     0.9444452     3.0338046
     0.9555561     3.0142063
     0.9666673     2.9989468
     0.9777782     2.9880462
     0.9888895     2.9814376
     1.0000004     2.9792491

     0.6666670     4.9168523
     0.6777788     5.1707255
     0.6888892     5.4249018
     0.7000009     5.6731417
     0.7111118     5.8791575
     0.7222231     5.9099352
     0.7333340     5.8352862
     0.7444452     5.7459415
     0.7555561     5.6557221
     0.7666674     5.5678057
     0.7777783     5.4832016
     0.7888896     5.4021829
     0.8000005     5.3250302
     0.8111122     5.2518619
     0.8222226     5.1827398
     0.8333344     5.1177211
     0.8444448     5.0568583
     0.8555565     5.0001033
     0.8666669     4.9475211
     0.8777787     4.8991059
     0.8888891     4.8548768
     0.9000009     4.8148417
     0.9111117     4.7788974
     0.9222230     4.7472326
     0.9333339     4.7198105
     0.9444452     4.6966020
     0.9555561     4.6776101
     0.9666673     4.6628272
     0.9777782     4.6522743
     0.9888895     4.6459433
     1.0000004     4.6439154

     0.6666670     6.5562180
     0.6777788     6.4356726
     0.6888892     6.3222342
     0.7000009     6.2218197
     0.7111118     6.1526840
     0.7222231     6.0537465
     0.7333340     5.9570807
     0.7444452     5.8632786
     0.7555561     5.7723530
     0.7666674     5.6847108
     0.7777783     5.6005293
     0.7888896     5.5199565
     0.8000005     5.4431045
     0.8111122     5.3700616
     0.8222226     5.3009421
     0.8333344     5.2357515
     0.8444448     5.1746197
     0.8555565     5.1175567
     0.8666669     5.0646262
     0.8777787     5.0158107
     0.8888891     4.9711634
     0.9000009     4.9307570
     0.9111117     4.8944108
     0.9222230     4.8623691
     0.9333339     4.8346552
     0.9444452     4.8111312
     0.9555561     4.7918976
     0.9666673     4.7769102
     0.9777782     4.7662011
     0.9888895     4.7597562
     1.0000004     4.7575981

     0.6666670     6.5562180
     0.6777788     6.4565067
     0.6888892     6.3549636
     0.7000009     6.2534050
     0.7111118     6.1702292
     0.7222231     6.3004359
     0.7333340     6.5418415
     0.7444452     6.8027811
     0.7555561     7.0671620
     0.7666674     7.3276614
     0.7777783     7.5719389
     0.7888896     7.6487952
     0.8000005     7.6054954
     0.8111122     7.5581288
     0.8222226     7.5090634
     0.8333344     7.4598463
     0.8444448     7.4116167
     0.8555565     7.3651433
     0.8666669     7.3208969
     0.8777787     7.2793358
     0.8888891     7.2407608
     0.9000009     7.2053311
     0.9111117     7.1733527
     0.9222230     7.1448376
     0.9333339     7.1200033
     0.9444452     7.0988745
     0.9555561     7.0815624
     0.9666673     7.0680020
     0.9777782     7.0583009
     0.9888895     7.0524721
     1.0000004     7.0506315

     0.6666670     6.5562224
     0.6777788     6.7755611
     0.6888892     6.9872915
     0.7000009     7.1857204
     0.7111118     7.3631092
     0.7222231     7.5100181
     0.7333340     7.6178266
     0.7444452     7.6831560
     0.7555561     7.7099984
     0.7666674     7.7074322
     0.7777783     7.6845139
     0.7888896     7.7676739
     0.8000005     7.8622262
     0.8111122     7.8646402
     0.8222226     7.8279098
     0.8333344     7.7786870
     0.8444448     7.7263322
     0.8555565     7.6744173
     0.8666669     7.6247019
     0.8777787     7.5778885
     0.8888891     7.5345185
     0.9000009     7.4948757
     0.9111117     7.4591218
     0.9222230     7.4273549
     0.9333339     7.3997575
     0.9444452     7.3763312
     0.9555561     7.3571180
     0.9666673     7.3421284
     0.9777782     7.3314213
     0.9888895     7.3249922
     1.0000004     7.3228295

     0.6666670     9.3220630
     0.6777788     9.1965668
     0.6888892     9.0755497
     0.7000009     8.9591593
     0.7111118     8.8475005
     0.7222231     8.7410825
     0.7333340     8.6402924
     0.7444452     8.5461544
     0.7555561     8.4604357
     0.7666674     8.3875973
     0.7777783     8.3388738
     0.7888896     8.3456401
     0.8000005     8.4602345
     0.8111122     8.6732833
     0.8222226     8.9310653
     0.8333344     9.2064512
     0.8444448     9.4893035
     0.8555565     9.7749030
     0.8666669    10.0601149
     0.8777787    10.3419538
     0.8888891    10.6168324
     0.9000009    10.8798999
     0.9111117    11.1243705
     0.9222230    11.3418074
     0.9333339    11.5233825
     0.9444452    11.6633874
     0.9555561    11.7629099
     0.9666673    11.8287168
     0.9777782    11.8691393
     0.9888895    11.8907777
     1.0000004    11.8975549

     0.6666670     9.3220630
     0.6777788     9.2335748
     0.6888892     9.1613004
     0.7000009     9.1105808
     0.7111118     9.0889204
     0.7222231     9.1056271
     0.7333340     9.1692017
     0.7444452     9.2829551
     0.7555561     9.4424075
     0.7666674     9.6390582
     0.7777783     9.8631365
     0.7888896    10.1069891
     0.8000005    10.3649625
     0.8111122    10.6331293
     0.8222226    10.9085047
     0.8333344    11.1880533
     0.8444448    11.4682366
     0.8555565    11.7432092
     0.8666669    12.0010295
     0.8777787    12.2160131
     0.8888891    12.3527052
     0.9000009    12.4107579
     0.9111117    12.4252007
     0.9222230    12.4214988
     0.9333339    12.4111156
     0.9444452    12.3989728
     0.9555561    12.3874276
     0.9666673    12.3776577
     0.9777782    12.3703344
     0.9888895    12.3658194
     1.0000004    12.3643164

     0.6666670     9.3220695
     0.6777788     9.5504490
     0.6888892     9.7885270
     0.7000009    10.0346384
     0.7111118    10.2876522
     0.7222231    10.5467977
     0.7333340    10.8114528
     0.7444452    11.0812118
     0.7555561    11.3555466
     0.7666674    11.6344511
     0.7777783    11.9175585
     0.7888896    12.2046562
     0.8000005    12.4954153
     0.8111122    12.7898376
     0.8222226    12.9530895
     0.8333344    12.9002109
     0.8444448    12.8536841
     0.8555565    12.8144709
     0.8666669    12.7838747
     0.8777787    12.7636475
     0.8888891    12.7565502
     0.9000009    12.7666478
     0.9111117    12.7996514
     0.9222230    12.8631505
     0.9333339    12.9649800
     0.9444452    13.1085938
     0.9555561    13.2897559
     0.9666673    13.4958431
     0.9777782    13.7068248
     0.9888895    13.8865825
     1.0000004    13.9649003

     0.6666670    14.2087759
     0.6777788    14.0909084
     0.6888892    13.9772343
     0.7000009    13.8678281
     0.7111118    13.7622332
     0.7222231    13.6611809
     0.7333340    13.5642341
     0.7444452    13.4716502
     0.7555561    13.3833849
     0.7666674    13.2996091
     0.7777783    13.2204697
     0.7888896    13.1460041
     0.8000005    13.0764471
     0.8111122    13.0120373
     0.8222226    12.9897114
     0.8333344    12.9381384
     0.8444448    12.8960891
     0.8555565    12.8686365
     0.8666669    12.8666469
     0.8777787    12.9153307
     0.8888891    13.0494926
     0.9000009    13.2686438
     0.9111117    13.5370945
     0.9222230    13.8276179
     0.9333339    14.1278539
     0.9444452    14.4296248
     0.9555561    14.7258226
     0.9666673    15.0061221
     0.9777782    15.1480517
     0.9888895    14.9589644
     1.0000004    14.8777317

     0.6666670    14.2087759
     0.6777788    14.0997813
     0.6888892    13.9931022
     0.7000009    13.8893366
     0.7111118    13.7884149
     0.7222231    13.6907211
     0.7333340    13.5964456
     0.7444452    13.5061033
     0.7555561    13.4191627
     0.7666674    13.3362498
     0.7777783    13.2573906
     0.7888896    13.1829093
     0.8000005    13.1131118
     0.8111122    13.0484149
     0.8222226    13.0877413
     0.8333344    13.3887290
     0.8444448    13.6928060
     0.8555565    13.9995823
     0.8666669    14.3087239
     0.8777787    14.6197994
     0.8888891    14.9322228
     0.9000009    15.2450628
     0.9111117    15.5569579
     0.9222230    15.8656056
     0.9333339    16.0709369
     0.9444452    15.8500687
     0.9555561    15.6163675
     0.9666673    15.3775797
     0.9777782    15.2532577
     0.9888895    15.4348081
     1.0000004    15.5043978

