     0.6666670     5.3220783
     0.6777788     5.1997742
     0.6888892     5.0814582
     0.7000009     4.9670489
     0.7111118     4.8566628
     0.7222231     4.7503120
     0.7333340     4.6480219
     0.7444452     4.5497427
     0.7555561     4.4555399
     0.7666674     4.3654291
     0.7777783     4.2793918
     0.7888896     4.1975366
     0.8000005     4.1197775
     0.8111122     4.0461578
     0.8222226     3.9766873
     0.8333344     3.9113159
     0.8444448     3.8501693
     0.8555565     3.7932138
     0.8666669     3.7404286
     0.8777787     3.6917688
     0.8888891     3.6473691
     0.9000009     3.6071634
     0.9111117     3.5711811
     0.9222230     3.5394170
     0.9333339     3.5118768
     0.9444452     3.4886752
     0.9555561     3.4695950
     0.9666673     3.4547582
     0.9777782     3.4441608
     0.9888895     3.4378342
     1.0000004     3.4357192

     0.6666670     5.3221385
     0.6777788     5.2301521
     0.6888892     5.1199267
     0.7000009     5.0076971
     0.7111118     4.8972369
     0.7222231     4.7897630
     0.7333340     4.6858653
     0.7444452     4.5857821
     0.7555561     4.4896638
     0.7666674     4.3977027
     0.7777783     4.3097570
     0.7888896     4.2259728
     0.8000005     4.1463819
     0.8111122     4.0710087
     0.8222226     3.9998726
     0.8333344     3.9329540
     0.8444448     3.8703361
     0.8555565     3.8119894
     0.8666669     3.7579510
     0.8777787     3.7081948
     0.8888891     3.6627427
     0.9000009     3.6215988
     0.9111117     3.5848712
     0.9222230     3.5523656
     0.9333339     3.5242281
     0.9444452     3.5004620
     0.9555561     3.4809406
     0.9666673     3.4657550
     0.9777782     3.4549238
     0.9888895     3.4484145
     1.0000004     3.4462511

     0.6666670     5.3221385
     0.6777788     5.4308370
     0.6888892     5.3754727
     0.7000009     5.2762377
     0.7111118     5.1706851
     0.7222231     5.0657304
     0.7333340     4.9633613
     0.7444452     4.8643466
     0.7555561     4.7690460
     0.7666674     4.6776367
     0.7777783     4.5903545
     0.7888896     4.5070681
     0.8000005     4.4279064
     0.8111122     4.3529369
     0.8222226     4.2821700
     0.8333344     4.2156380
     0.8444448     4.1533338
     0.8555565     4.0952942
     0.8666669     4.0415068
     0.8777787     3.9919854
     0.8888891     3.9467539
     0.9000009     3.9058094
     0.9111117     3.8692166
     0.9222230     3.8368686
     0.9333339     3.8089002
     0.9444452     3.7851472
     0.9555561     3.7657215
     0.9666673     3.7506297
     0.9777782     3.7398352
     0.9888895     3.7334849
     1.0000004     3.7313251

     0.6666670     5.7390378
     0.6777788     5.6173391
     0.6888892     5.4986323
     0.7000009     5.3831294
     0.7111118     5.2710296
     0.7222231     5.1626557
     0.7333340     5.0579720
     0.7444452     4.9568820
     0.7555561     4.8596759
     0.7666674     4.7664176
     0.7777783     4.6771641
     0.7888896     4.5920909
     0.8000005     4.5111164
     0.8111122     4.4343327
     0.8222226     4.3617799
     0.8333344     4.2935748
     0.8444448     4.2295807
     0.8555565     4.1699142
     0.8666669     4.1146636
     0.8777787     4.0636970
     0.8888891     4.0171140
     0.9000009     3.9749004
     0.9111117     3.9371255
     0.9222230     3.9037725
     0.9333339     3.8748507
     0.9444452     3.8503696
     0.9555561     3.8303311
     0.9666673     3.8147800
     0.9777782     3.8036817
     0.9888895     3.7971187
     1.0000004     3.7948840

     0.6666670     5.7390378
     0.6777788     5.7590252
     0.6888892     5.9502904
     0.7000009     6.1919379
     0.7111118     6.4466532
     0.7222231     6.7070088
     0.7333340     6.9706060
     0.7444452     7.2361380
     0.7555561     7.5025272
     0.7666674     7.7685790
     0.7777783     8.0329778
     0.7888896     8.2935860
     0.8000005     8.5477234
     0.8111122     8.7710693
     0.8222226     8.8890391
     0.8333344     8.9647545
     0.8444448     9.0049500
     0.8555565     9.0196271
     0.8666669     9.0178765
     0.8777787     9.0062959
     0.8888891     8.9893335
     0.9000009     8.9698730
     0.9111117     8.9498206
     0.9222230     8.9303790
     0.9333339     8.9124284
     0.9444452     8.8965407
     0.9555561     8.8831015
     0.9666673     8.8724055
     0.9777782     8.8646753
     0.9888895     8.8599703
     1.0000004     8.8583643

     0.6666670     5.7390807
     0.6777788     5.9562943
     0.6888892     6.1983141
     0.7000009     6.4483161
     0.7111118     6.7020739
     0.7222231     6.9575168
     0.7333340     7.2134512
     0.7444452     7.4681391
     0.7555561     7.7195185
     0.7666674     7.9647819
     0.7777783     8.1995725
     0.7888896     8.4179133
     0.8000005     8.6115743
     0.8111122     8.7917261
     0.8222226     9.0203900
     0.8333344     9.2271229
     0.8444448     9.4037593
     0.8555565     9.4272272
     0.8666669     9.3747359
     0.8777787     9.3259041
     0.8888891     9.2812603
     0.9000009     9.2408253
     0.9111117     9.2046670
     0.9222230     9.1727216
     0.9333339     9.1450339
     0.9444452     9.1215861
     0.9555561     9.1024068
     0.9666673     9.0875472
     0.9777782     9.0768889
     0.9888895     9.0705112
     1.0000004     9.0683793

     0.6666670    10.9762379
     0.6777788    10.8519085
     0.6888892    10.7317134
     0.7000009    10.6156008
     0.7111118    10.5036419
     0.7222231    10.3958227
     0.7333340    10.2921557
     0.7444452    10.1926523
     0.7555561    10.0973233
     0.7666674    10.0061488
     0.7777783     9.9192343
     0.7888896     9.8364867
     0.8000005     9.7579335
     0.8111122     9.6836324
     0.8222226     9.6135921
     0.8333344     9.5480149
     0.8444448     9.4877357
     0.8555565     9.5504062
     0.8666669     9.6569567
     0.8777787     9.7311347
     0.8888891     9.7790066
     0.9000009     9.8076426
     0.9111117     9.8231260
     0.9222230     9.8300624
     0.9333339     9.8317531
     0.9444452     9.8304574
     0.9555561     9.8277684
     0.9666673     9.8247646
     0.9777782     9.8221690
     0.9888895     9.8204939
     1.0000004     9.8198895

     0.6666670    10.9762379
     0.6777788    10.8574242
     0.6888892    10.7438536
     0.7000009    10.6356993
     0.7111118    10.5332946
     0.7222231    10.4369951
     0.7333340    10.3476124
     0.7444452    10.2659439
     0.7555561    10.1932673
     0.7666674    10.1314480
     0.7777783    10.0831677
     0.7888896    10.0521595
     0.8000005    10.0428844
     0.8111122    10.0586506
     0.8222226    10.0971401
     0.8333344    10.1461145
     0.8444448    10.1883526
     0.8555565    10.2123288
     0.8666669    10.2179069
     0.8777787    10.2101944
     0.8888891    10.1947166
     0.9000009    10.1753913
     0.9111117    10.1547819
     0.9222230    10.1345244
     0.9333339    10.1156901
     0.9444452    10.0989519
     0.9555561    10.0847804
     0.9666673    10.0734953
     0.9777782    10.0653293
     0.9888895    10.0603663
     1.0000004    10.0586896

     0.6666670    10.9762386
     0.6777788    11.2260211
     0.6888892    11.4804196
     0.7000009    11.7391625
     0.7111118    11.6359356
     0.7222231    11.5365394
     0.7333340    11.4423294
     0.7444452    11.3537177
     0.7555561    11.2713372
     0.7666674    11.1962415
     0.7777783    11.1296017
     0.7888896    11.0738113
     0.8000005    11.0325738
     0.8111122    11.0119967
     0.8222226    11.0216779
     0.8333344    11.0741847
     0.8444448    11.1804925
     0.8555565    11.3087889
     0.8666669    11.4646124
     0.8777787    11.6595586
     0.8888891    11.8871348
     0.9000009    12.1394235
     0.9111117    12.4100868
     0.9222230    12.6933912
     0.9333339    12.9845556
     0.9444452    13.2791377
     0.9555561    13.5718118
     0.9666673    13.8538427
     0.9777782    14.1088103
     0.9888895    14.3033672
     1.0000004    14.3804585

     0.6666670    12.0792602
     0.6777788    11.9618986
     0.6888892    11.8488712
     0.7000009    11.7401171
     0.7111118    11.6463987
     0.7222231    11.5512547
     0.7333340    11.4620170
     0.7444452    11.3792082
     0.7555561    11.3035256
     0.7666674    11.2358241
     0.7777783    11.1776839
     0.7888896    11.1306656
     0.8000005    11.0973862
     0.8111122    11.0816735
     0.8222226    11.0884759
     0.8333344    11.1241919
     0.8444448    11.1957977
     0.8555565    11.3414698
     0.8666669    11.5485076
     0.8777787    11.7892278
     0.8888891    12.0534488
     0.9000009    12.3337395
     0.9111117    12.6254110
     0.9222230    12.9244099
     0.9333339    13.2272594
     0.9444452    13.5304057
     0.9555561    13.8289344
     0.9666673    14.1141097
     0.9777782    14.3694136
     0.9888895    14.5613703
     1.0000004    14.6365550

     0.6666670    12.0792602
     0.6777788    11.9636833
     0.6888892    11.8529722
     0.7000009    11.7470497
     0.7111118    12.0021501
     0.7222231    12.2690899
     0.7333340    12.5401956
     0.7444452    12.8151563
     0.7555561    13.0938737
     0.7666674    13.3762196
     0.7777783    13.6620604
     0.7888896    13.9512649
     0.8000005    14.2436247
     0.8111122    14.5389713
     0.8222226    14.8370890
     0.8333344    15.1374971
     0.8444448    15.4403612
     0.8555565    15.7450981
     0.8666669    16.0514060
     0.8777787    16.3586265
     0.8888891    16.6664107
     0.9000009    16.9738216
     0.9111117    17.2803923
     0.9222230    17.5849361
     0.9333339    17.3407282
     0.9444452    17.0101255
     0.9555561    16.6884411
     0.9666673    16.3840820
     0.9777782    16.1131677
     0.9888895    15.9093119
     1.0000004    15.8290423

     0.6666670    12.0792736
     0.6777788    12.3185582
     0.6888892    12.5619947
     0.7000009    12.8089299
     0.7111118    13.0598788
     0.7222231    13.3141707
     0.7333340    13.5719605
     0.7444452    13.8328661
     0.7555561    14.0967558
     0.7666674    14.3633014
     0.7777783    14.6323232
     0.7888896    14.9041139
     0.8000005    15.1780753
     0.8111122    15.4539861
     0.8222226    15.7315477
     0.8333344    16.0103786
     0.8444448    16.2901114
     0.8555565    16.5701067
     0.8666669    16.8498783
     0.8777787    17.1283496
     0.8888891    17.4046356
     0.9000009    17.6769559
     0.9111117    17.9439821
     0.9222230    17.6749839
     0.9333339    17.7314511
     0.9444452    17.3885626
     0.9555561    17.0580137
     0.9666673    16.7481385
     0.9777782    16.4754715
     0.9888895    16.2730214
     1.0000004    16.1944245

