     0.6666670     5.0527879
     0.6777788     4.9282004
     0.6888892     4.8075808
     0.7000009     4.6909213
     0.7111118     4.5784515
     0.7222231     4.4698787
     0.7333340     4.3653853
     0.7444452     4.2651011
     0.7555561     4.1688594
     0.7666674     4.0766412
     0.7777783     3.9887225
     0.7888896     3.9049794
     0.8000005     3.8253718
     0.8111122     3.7496037
     0.8222226     3.6781028
     0.8333344     3.6108768
     0.8444448     3.5479484
     0.8555565     3.4893217
     0.8666669     3.4352145
     0.8777787     3.3852129
     0.8888891     3.3395334
     0.9000009     3.2981796
     0.9111117     3.2611723
     0.9222230     3.2285078
     0.9333339     3.2001530
     0.9444452     3.1761854
     0.9555561     3.1565219
     0.9666673     3.1412812
     0.9777782     3.1304412
     0.9888895     3.1238995
     1.0000004     3.1217188

     0.6666670     5.0528161
     0.6777788     4.9311282
     0.6888892     4.8115700
     0.7000009     4.6951581
     0.7111118     4.5823484
     0.7222231     4.4734214
     0.7333340     4.3684146
     0.7444452     4.2675715
     0.7555561     4.1707503
     0.7666674     4.0781443
     0.7777783     3.9896693
     0.7888896     3.9053957
     0.8000005     3.8254544
     0.8111122     3.7501460
     0.8222226     3.6790708
     0.8333344     3.6122869
     0.8444448     3.5497121
     0.8555565     3.4914053
     0.8666669     3.4374893
     0.8777787     3.3877464
     0.8888891     3.3423294
     0.9000009     3.3009904
     0.9111117     3.2641714
     0.9222230     3.2315883
     0.9333339     3.2033780
     0.9444452     3.1795134
     0.9555561     3.1599513
     0.9666673     3.1447720
     0.9777782     3.1339164
     0.9888895     3.1274027
     1.0000004     3.1252078

     0.6666670     5.0528161
     0.6777788     5.2997066
     0.6888892     5.5324116
     0.7000009     5.6788513
     0.7111118     5.6484380
     0.7222231     5.5609225
     0.7333340     5.4651890
     0.7444452     5.3696805
     0.7555561     5.2766621
     0.7666674     5.1869561
     0.7777783     5.1010235
     0.7888896     5.0188926
     0.8000005     4.9407636
     0.8111122     4.8667078
     0.8222226     4.7967727
     0.8333344     4.7309992
     0.8444448     4.6693964
     0.8555565     4.6119906
     0.8666669     4.5588443
     0.8777787     4.5098727
     0.8888891     4.4651342
     0.9000009     4.4246128
     0.9111117     4.3883774
     0.9222230     4.3563809
     0.9333339     4.3286218
     0.9444452     4.3051447
     0.9555561     4.2858091
     0.9666673     4.2708625
     0.9777782     4.2602789
     0.9888895     4.2538710
     1.0000004     4.2517225

     0.6666670     6.1926194
     0.6777788     6.0776305
     0.6888892     5.9674449
     0.7000009     5.8578822
     0.7111118     5.7511105
     0.7222231     5.6471439
     0.7333340     5.5463807
     0.7444452     5.4491858
     0.7555561     5.3554063
     0.7666674     5.2652618
     0.7777783     5.1789750
     0.7888896     5.0965461
     0.8000005     5.0180983
     0.8111122     4.9436659
     0.8222226     4.8732995
     0.8333344     4.8070193
     0.8444448     4.7449047
     0.8555565     4.6869676
     0.8666669     4.6332362
     0.8777787     4.5837318
     0.8888891     4.5386096
     0.9000009     4.4975912
     0.9111117     4.4609032
     0.9222230     4.4284615
     0.9333339     4.4003372
     0.9444452     4.3765298
     0.9555561     4.3569207
     0.9666673     4.3417838
     0.9777782     4.3309482
     0.9888895     4.3244460
     1.0000004     4.3222576

     0.6666670     6.1926194
     0.6777788     6.0792189
     0.6888892     5.9840984
     0.7000009     5.9840425
     0.7111118     6.1677820
     0.7222231     6.4153185
     0.7333340     6.6774280
     0.7444452     6.9450673
     0.7555561     7.2154003
     0.7666674     7.4861613
     0.7777783     7.7544096
     0.7888896     8.0135471
     0.8000005     8.1632138
     0.8111122     8.1534116
     0.8222226     8.1307638
     0.8333344     8.1004811
     0.8444448     8.0660766
     0.8555565     8.0298996
     0.8666669     7.9935812
     0.8777787     7.9581246
     0.8888891     7.9243205
     0.9000009     7.8927453
     0.9111117     7.8637976
     0.9222230     7.8377642
     0.9333339     7.8147788
     0.9444452     7.7951738
     0.9555561     7.7789693
     0.9666673     7.7663418
     0.9777782     7.7572534
     0.9888895     7.7517786
     1.0000004     7.7499510

     0.6666670     6.1926299
     0.6777788     6.4286487
     0.6888892     6.6659498
     0.7000009     6.9018561
     0.7111118     7.1334939
     0.7222231     7.3570376
     0.7333340     7.5670305
     0.7444452     7.7560591
     0.7555561     7.9148180
     0.7666674     8.0349969
     0.7777783     8.1130085
     0.7888896     8.1527936
     0.8000005     8.2455686
     0.8111122     8.4012232
     0.8222226     8.4420381
     0.8333344     8.4198561
     0.8444448     8.3779781
     0.8555565     8.3310817
     0.8666669     8.2841570
     0.8777787     8.2391456
     0.8888891     8.1970394
     0.9000009     8.1582155
     0.9111117     8.1232798
     0.9222230     8.0921650
     0.9333339     8.0650481
     0.9444452     8.0420117
     0.9555561     8.0230848
     0.9666673     8.0083487
     0.9777782     7.9978075
     0.9888895     7.9914767
     1.0000004     7.9893518

     0.6666670     9.9558402
     0.6777788     9.8311425
     0.6888892     9.7107372
     0.7000009     9.5946365
     0.7111118     9.4829748
     0.7222231     9.3758422
     0.7333340     9.2735472
     0.7444452     9.1763702
     0.7555561     9.0848833
     0.7666674     9.0001571
     0.7777783     8.9245539
     0.7888896     8.8637270
     0.8000005     8.8351067
     0.8111122     8.8870484
     0.8222226     9.0568377
     0.8333344     9.2911038
     0.8444448     9.5440050
     0.8555565     9.7976567
     0.8666669    10.0423963
     0.8777787    10.2698213
     0.8888891    10.4712624
     0.9000009    10.6388062
     0.9111117    10.7686664
     0.9222230    10.8625081
     0.9333339    10.9267053
     0.9444452    10.9690159
     0.9555561    10.9961572
     0.9666673    11.0131097
     0.9777782    11.0232139
     0.9888895    11.0285249
     1.0000004    11.0301522

     0.6666670     9.9558402
     0.6777788     9.8487382
     0.6888892     9.7501463
     0.7000009     9.6616732
     0.7111118     9.5856872
     0.7222231     9.5255947
     0.7333340     9.4867340
     0.7444452     9.4765410
     0.7555561     9.5038259
     0.7666674     9.5766325
     0.7777783     9.6983747
     0.7888896     9.8644584
     0.8000005    10.0654448
     0.8111122    10.2908807
     0.8222226    10.5312234
     0.8333344    10.7770210
     0.8444448    11.0163112
     0.8555565    11.2286420
     0.8666669    11.3834847
     0.8777787    11.4644132
     0.8888891    11.4914363
     0.9000009    11.4913183
     0.9111117    11.4797046
     0.9222230    11.4637825
     0.9333339    11.4470479
     0.9444452    11.4313435
     0.9555561    11.4176350
     0.9666673    11.4065784
     0.9777782    11.3984853
     0.9888895    11.3935469
     1.0000004    11.3918893

     0.6666670     9.9558453
     0.6777788    10.1969244
     0.6888892    10.4441457
     0.7000009    10.6970343
     0.7111118    10.9551273
     0.7222231    11.2180436
     0.7333340    11.4854184
     0.7444452    11.7572946
     0.7555561    12.0333067
     0.7666674    12.3130418
     0.7777783    12.3214360
     0.7888896    12.2479119
     0.8000005    12.1805299
     0.8111122    12.1203850
     0.8222226    12.0695780
     0.8333344    12.0320557
     0.8444448    12.0165736
     0.8555565    12.0241420
     0.8666669    12.0337939
     0.8777787    12.0691449
     0.8888891    12.1375960
     0.9000009    12.2454636
     0.9111117    12.3969497
     0.9222230    12.5886333
     0.9333339    12.8126106
     0.9444452    13.0593527
     0.9555561    13.3182051
     0.9666673    13.5780147
     0.9777782    13.8212481
     0.9888895    14.0137042
     1.0000004    14.0924834

     0.6666670    13.3032871
     0.6777788    13.1852838
     0.6888892    13.0717588
     0.7000009    12.9625068
     0.7111118    12.8577084
     0.7222231    12.7575009
     0.7333340    12.6619227
     0.7444452    12.5710994
     0.7555561    12.4838707
     0.7666674    12.4002354
     0.7777783    12.3299408
     0.7888896    12.2609422
     0.8000005    12.1984547
     0.8111122    12.1432316
     0.8222226    12.0963265
     0.8333344    12.0592400
     0.8444448    12.0341315
     0.8555565    12.0408890
     0.8666669    12.1338027
     0.8777787    12.3103129
     0.8888891    12.5493306
     0.9000009    12.8227472
     0.9111117    13.1145349
     0.9222230    13.4158398
     0.9333339    13.7211091
     0.9444452    14.0262123
     0.9555561    14.3249112
     0.9666673    14.6086991
     0.9777782    14.8600254
     0.9888895    15.0461256
     1.0000004    15.1178691

     0.6666670    13.3032871
     0.6777788    13.1876113
     0.6888892    13.0754537
     0.7000009    12.9669451
     0.7111118    12.8622084
     0.7222231    12.7614492
     0.7333340    12.6646216
     0.7444452    12.5721554
     0.7555561    12.4853450
     0.7666674    12.4048355
     0.7777783    12.5968796
     0.7888896    12.8844014
     0.8000005    13.1754565
     0.8111122    13.4698894
     0.8222226    13.7675342
     0.8333344    14.0681510
     0.8444448    14.3716475
     0.8555565    14.6777255
     0.8666669    14.9860960
     0.8777787    15.2963974
     0.8888891    15.6082707
     0.9000009    15.9205334
     0.9111117    16.2331777
     0.9222230    16.5443955
     0.9333339    16.6706388
     0.9444452    16.3896536
     0.9555561    16.1056919
     0.9666673    15.8281224
     0.9777782    15.5729632
     0.9888895    15.3735045
     1.0000004    15.2922230

