     0.0000000    -3.1640471
     0.0222220    -3.1546937
     0.0444440    -3.1268695
     0.0666670    -3.0804053
     0.0888890    -3.0153558
     0.1111110    -2.9318058
     0.1333330    -2.8297872
     0.1555560    -2.7092783
     0.1777780    -2.5703544
     0.2000000    -2.4132537
     0.2222220    -2.2377996
     0.2444440    -2.0442374
     0.2666670    -1.8326738
     0.2888890    -1.6032029
     0.3111110    -1.3559937
     0.3333330    -1.0911560
     0.3555560    -0.8089193
     0.3777780    -0.5092535
     0.4000000    -0.1925303
     0.4222220     0.1413081
     0.4444440     0.4918595
     0.4666670     0.8590891
     0.4888890     1.2427789
     0.5111110     1.6427326
     0.5333330     2.0586615
     0.5555560     2.4901217
     0.5777780     2.9370328
     0.6000000     3.3989023
     0.6222220     3.8752475
     0.6444440     4.3655104
     0.6666670     4.8683455

     0.0000000    -0.9887513
     0.0222220    -0.9796966
     0.0444440    -0.9523944
     0.0666670    -0.9068835
     0.0888890    -0.8431787
     0.1111110    -0.7613191
     0.1333330    -0.6612936
     0.1555560    -0.5432661
     0.1777780    -0.4073853
     0.2000000    -0.2535735
     0.2222220    -0.0818749
     0.2444440     0.1074514
     0.2666670     0.3144616
     0.2888890     0.5389439
     0.3111110     0.7806961
     0.3333330     1.0397154
     0.3555560     1.3157312
     0.3777780     1.6086723
     0.4000000     1.9180558
     0.4222220     2.2438980
     0.4444440     2.5859433
     0.4666670     2.9437938
     0.4888890     3.3169317
     0.5111110     3.7047799
     0.5333330     4.1063418
     0.5555560     4.5196104
     0.5777780     4.9405017
     0.6000000     5.3413412
     0.6222220     5.3804021
     0.6444440     5.1272484
     0.6666670     4.8683673

     0.0000000     0.8390416
     0.0222220     0.8480868
     0.0444440     0.8749229
     0.0666670     0.9196005
     0.0888890     0.9821746
     0.1111110     1.0625320
     0.1333330     1.1605932
     0.1555560     1.2762684
     0.1777780     1.4097432
     0.2000000     1.5606352
     0.2222220     1.7290671
     0.2444440     1.9147619
     0.2666670     2.1175997
     0.2888890     2.3375471
     0.3111110     2.5743355
     0.3333330     2.8276964
     0.3555560     3.0973885
     0.3777780     3.3833986
     0.4000000     3.6851106
     0.4222220     4.0020113
     0.4444440     4.3333537
     0.4666670     4.6779008
     0.4888890     5.0340448
     0.5111110     5.3982695
     0.5333330     5.7627766
     0.5555560     6.0865804
     0.5777780     5.9929324
     0.6000000     5.6997652
     0.6222220     5.4090997
     0.6444440     5.1313492
     0.6666670     4.8683673

     0.0000000     7.0169480
     0.0222220     7.0252319
     0.0444440     7.0501217
     0.0666670     7.0915618
     0.0888890     7.1494822
     0.1111110     7.2237258
     0.1333330     7.3140387
     0.1555560     7.4201846
     0.1777780     7.5418603
     0.2000000     7.6784897
     0.2222220     7.8290514
     0.2444440     7.9925076
     0.2666670     8.1666437
     0.2888890     8.3479014
     0.3111110     8.5295572
     0.3333330     8.6981593
     0.3555560     8.8245286
     0.3777780     8.8523230
     0.4000000     8.7244316
     0.4222220     8.4606950
     0.4444440     8.1274786
     0.4666670     7.7688752
     0.4888890     7.4060090
     0.5111110     7.0490937
     0.5333330     6.7061328
     0.5555560     6.3871347
     0.5777780     6.0645648
     0.6000000     5.7879553
     0.6222220     5.8959777
     0.6444440     6.3120111
     0.6666670     6.7359847

     0.0000000    10.4110952
     0.0222220    10.4187015
     0.0444440    10.4415210
     0.0666670    10.4793361
     0.0888890    10.5317840
     0.1111110    10.5983291
     0.1333330    10.6780027
     0.1555560    10.7692664
     0.1777780    10.8693632
     0.2000000    10.9735738
     0.2222220    11.0724503
     0.2444440    11.1458628
     0.2666670    11.1522245
     0.2888890    11.0291916
     0.3111110    10.7551987
     0.3333330    10.3820251
     0.3555560     9.9648264
     0.3777780     9.5332541
     0.4000000     9.1010757
     0.4222220     8.6752300
     0.4444440     8.2594351
     0.4666670     7.8557489
     0.4888890     7.4656694
     0.5111110     7.0901648
     0.5333330     6.7302217
     0.5555560     6.4110897
     0.5777780     6.5220314
     0.6000000     6.7774935
     0.6222220     6.9054711
     0.6444440     6.8718331
     0.6666670     6.7359847

     0.0000000    19.0798314
     0.0222220    18.6384500
     0.0444440    18.1310467
     0.0666670    17.5809269
     0.0888890    17.0070417
     0.1111110    16.4223899
     0.1333330    15.8260764
     0.1555560    15.2318446
     0.1777780    14.6442915
     0.2000000    14.0663674
     0.2222220    13.5009985
     0.2444440    12.9506709
     0.2666670    12.4181211
     0.2888890    11.9074183
     0.3111110    11.4252184
     0.3333330    10.9845106
     0.3555560    10.6126507
     0.3777780    10.3615881
     0.4000000    10.2758275
     0.4222220    10.2950801
     0.4444440    10.0653925
     0.4666670     9.6576602
     0.4888890     9.2662895
     0.5111110     8.8915257
     0.5333330     8.5333538
     0.5555560     8.1917933
     0.5777780     7.8668001
     0.6000000     7.5585452
     0.6222220     7.2670985
     0.6444440     6.9927232
     0.6666670     6.7359870

     0.0000000    19.0798314
     0.0222220    18.6568216
     0.0444440    18.1474831
     0.0666670    17.5939853
     0.0888890    17.0146973
     0.1111110    16.4230385
     0.1333330    15.8381598
     0.1555560    15.2596314
     0.1777780    14.6936822
     0.2000000    14.1477315
     0.2222220    13.6330916
     0.2444440    13.1708096
     0.2666670    12.8032036
     0.2888890    12.5923008
     0.3111110    12.5588984
     0.3333330    12.3475852
     0.3555560    11.8591413
     0.3777780    11.3865419
     0.4000000    10.9299668
     0.4222220    10.4895762
     0.4444440    10.2384818
     0.4666670    10.0025172
     0.4888890     9.6867607
     0.5111110     9.3593567
     0.5333330     9.0456917
     0.5555560     8.7620500
     0.5777780     8.5318787
     0.6000000     8.4012139
     0.6222220     8.4412975
     0.6444440     8.6769336
     0.6666670     9.0469786

     0.0000000    19.0993500
     0.0222220    19.4354499
     0.0444440    19.4982884
     0.0666670    19.1139067
     0.0888890    18.5586325
     0.1111110    17.9677369
     0.1333330    17.3676417
     0.1555560    16.7681882
     0.1777780    16.1742838
     0.2000000    15.5891835
     0.2222220    15.0150010
     0.2444440    14.4532133
     0.2666670    13.9048835
     0.2888890    13.3708889
     0.3111110    12.8516100
     0.3333330    12.6482403
     0.3555560    12.4249610
     0.3777780    11.9825707
     0.4000000    11.5770349
     0.4222220    11.2501707
     0.4444440    11.1173567
     0.4666670    11.2388224
     0.4888890    11.3890704
     0.5111110    11.0238331
     0.5333330    10.6743717
     0.5555560    10.3422369
     0.5777780    10.0291927
     0.6000000     9.7374739
     0.6222220     9.4708471
     0.6444440     9.2359917
     0.6666670     9.0469786

     0.0000000    19.0993500
     0.0222220    19.4566540
     0.0444440    19.7031962
     0.0666670    19.4539952
     0.0888890    18.8927303
     0.1111110    18.3171823
     0.1333330    17.7380812
     0.1555560    17.1608077
     0.1777780    16.5891338
     0.2000000    16.0253171
     0.2222220    15.4712890
     0.2444440    14.9284319
     0.2666670    14.3978578
     0.2888890    13.8806313
     0.3111110    13.3781234
     0.3333330    12.8919979
     0.3555560    12.7959068
     0.3777780    12.9311646
     0.4000000    12.8639157
     0.4222220    12.5406825
     0.4444440    12.1559969
     0.4666670    11.7678039
     0.4888890    11.4964956
     0.5111110    11.2399052
     0.5333330    10.8805398
     0.5555560    10.5359285
     0.5777780    10.2062352
     0.6000000     9.8922488
     0.6222220     9.5940361
     0.6444440     9.3120739
     0.6666670     9.0469859

     0.0000000    19.6012609
     0.0222220    19.5886830
     0.0444440    19.7202694
     0.0666670    19.6807012
     0.0888890    19.5396544
     0.1111110    19.2760716
     0.1333330    18.8909025
     0.1555560    18.4433557
     0.1777780    17.9681530
     0.2000000    17.4809012
     0.2222220    16.9897230
     0.2444440    16.4988344
     0.2666670    16.0111216
     0.2888890    15.4971244
     0.3111110    14.9979346
     0.3333330    14.5180664
     0.3555560    14.0674670
     0.3777780    13.6789560
     0.4000000    13.2414728
     0.4222220    12.8156123
     0.4444440    12.4019733
     0.4666670    12.0011303
     0.4888890    11.6136112
     0.5111110    11.8146501
     0.5333330    12.1677314
     0.5555560    12.5454767
     0.5777780    12.9427794
     0.6000000    13.3561094
     0.6222220    13.7821372
     0.6444440    14.2184797
     0.6666670    14.6594955

