     0.0000000    -2.9524802
     0.0222220    -2.9430781
     0.0444440    -2.9153702
     0.0666670    -2.8689991
     0.0888890    -2.8040646
     0.1111110    -2.7205658
     0.1333330    -2.6186708
     0.1555560    -2.4983527
     0.1777780    -2.3597630
     0.2000000    -2.2028042
     0.2222220    -2.0277478
     0.2444440    -1.8346724
     0.2666670    -1.6235830
     0.2888890    -1.3945276
     0.3111110    -1.1479210
     0.3333330    -0.8836731
     0.3555560    -0.6020286
     0.3777780    -0.3030446
     0.4000000     0.0131162
     0.4222220     0.3461655
     0.4444440     0.6959935
     0.4666670     1.0625253
     0.4888890     1.4453899
     0.5111110     1.8442914
     0.5333330     2.2591810
     0.5555560     2.6896440
     0.5777780     3.1350985
     0.6000000     3.5952817
     0.6222220     4.0696162
     0.6444440     4.5567578
     0.6666670     5.0527879

     0.0000000    -1.7061631
     0.0222220    -1.6970474
     0.0444440    -1.6694770
     0.0666670    -1.6237178
     0.0888890    -1.5594970
     0.1111110    -1.4769841
     0.1333330    -1.3762896
     0.1555560    -1.2574437
     0.1777780    -1.1205971
     0.2000000    -0.9656066
     0.2222220    -0.7926739
     0.2444440    -0.6019267
     0.2666670    -0.3935695
     0.2888890    -0.1674700
     0.3111110     0.0761903
     0.3333330     0.3371776
     0.3555560     0.6152637
     0.3777780     0.9104661
     0.4000000     1.2225812
     0.4222220     1.5511526
     0.4444440     1.8963211
     0.4666670     2.2575432
     0.4888890     2.6347265
     0.5111110     3.0273242
     0.5333330     3.4348909
     0.5555560     3.8565065
     0.5777780     4.2909290
     0.6000000     4.7341415
     0.6222220     5.1654885
     0.6444440     5.2820746
     0.6666670     5.0528161

     0.0000000     1.9424752
     0.0222220     1.9512709
     0.0444440     1.9777180
     0.0666670     2.0218583
     0.0888890     2.0837093
     0.1111110     2.1632356
     0.1333330     2.2601000
     0.1555560     2.3744380
     0.1777780     2.5060609
     0.2000000     2.6550277
     0.2222220     2.8211719
     0.2444440     3.0042602
     0.2666670     3.2043130
     0.2888890     3.4210209
     0.3111110     3.6540888
     0.3333330     3.9032834
     0.3555560     4.1683552
     0.3777780     4.4487047
     0.4000000     4.7436060
     0.4222220     5.0519431
     0.4444440     5.3718984
     0.4666670     5.7006724
     0.4888890     6.0322706
     0.5111110     6.3543380
     0.5333330     6.6259964
     0.5555560     6.4911225
     0.5777780     6.1824848
     0.6000000     5.8798007
     0.6222220     5.5896088
     0.6444440     5.3136897
     0.6666670     5.0528161

     0.0000000     5.4820951
     0.0222220     5.4905690
     0.0444440     5.5160829
     0.0666670     5.5586033
     0.0888890     5.6180929
     0.1111110     5.6945342
     0.1333330     5.7875685
     0.1555560     5.8972329
     0.1777780     6.0231975
     0.2000000     6.1653359
     0.2222220     6.3232195
     0.2444440     6.4961316
     0.2666670     6.6834590
     0.2888890     6.8840942
     0.3111110     7.0961338
     0.3333330     7.3164539
     0.3555560     7.5394473
     0.3777780     7.7541609
     0.4000000     7.9369003
     0.4222220     8.0377590
     0.4444440     7.9879988
     0.4666670     7.7828894
     0.4888890     7.4920761
     0.5111110     7.1715686
     0.5333330     6.8625634
     0.5555560     6.5779059
     0.5777780     6.2497352
     0.6000000     5.9419336
     0.6222220     5.6745896
     0.6444440     5.7488511
     0.6666670     6.1926194

     0.0000000    12.2597238
     0.0222220    12.2666981
     0.0444440    12.2875314
     0.0666670    12.3217392
     0.0888890    12.3684416
     0.1111110    12.4261183
     0.1333330    12.4918814
     0.1555560    12.5602526
     0.1777780    12.6202545
     0.2000000    12.6477403
     0.2222220    12.5931531
     0.2444440    12.3933785
     0.2666670    12.0491789
     0.2888890    11.6233070
     0.3111110    11.1645096
     0.3333330    10.6965231
     0.3555560    10.2303957
     0.3777780     9.7716118
     0.4000000     9.3234511
     0.4222220     8.8874346
     0.4444440     8.4649270
     0.4666670     8.0568654
     0.4888890     7.6635238
     0.5111110     7.2856566
     0.5333330     6.9235657
     0.5555560     6.8800317
     0.5777780     6.9276165
     0.6000000     6.8267154
     0.6222220     6.6404444
     0.6444440     6.4207801
     0.6666670     6.1926194

     0.0000000    17.5805063
     0.0222220    17.5811774
     0.0444440    17.5794901
     0.0666670    17.5592234
     0.0888890    17.1810468
     0.1111110    16.5986790
     0.1333330    15.9978555
     0.1555560    15.3981078
     0.1777780    14.8038549
     0.2000000    14.2185610
     0.2222220    13.6443515
     0.2444440    13.0833056
     0.2666670    12.5370527
     0.2888890    12.0071378
     0.3111110    11.4956038
     0.3333330    11.0052020
     0.3555560    10.5404908
     0.3777780    10.1100781
     0.4000000     9.7324456
     0.4222220     9.4445200
     0.4444440     9.2806337
     0.4666670     9.1311044
     0.4888890     8.7378195
     0.5111110     8.3607259
     0.5333330     8.0000142
     0.5555560     7.6555892
     0.5777780     7.3277107
     0.6000000     7.0166118
     0.6222220     6.7227972
     0.6444440     6.4470784
     0.6666670     6.1926299

     0.0000000    19.2397455
     0.0222220    18.8002862
     0.0444440    18.2954683
     0.0666670    17.7489444
     0.0888890    17.1941358
     0.1111110    16.6058646
     0.1333330    16.0346344
     0.1555560    15.4783891
     0.1777780    14.9515980
     0.2000000    14.4808683
     0.2222220    14.1174521
     0.2444440    13.9069238
     0.2666670    13.3660070
     0.2888890    12.8376383
     0.3111110    12.3224556
     0.3333330    11.8212967
     0.3555560    11.3346798
     0.3777780    10.8629455
     0.4000000    10.4065346
     0.4222220     9.9656226
     0.4444440     9.5404141
     0.4666670     9.1678780
     0.4888890     8.9833293
     0.5111110     8.7476441
     0.5333330     8.5338629
     0.5555560     8.4174896
     0.5777780     8.4770317
     0.6000000     8.7181917
     0.6222220     9.0749551
     0.6444440     9.4957102
     0.6666670     9.9558402

     0.0000000    19.2397455
     0.0222220    18.8384203
     0.0444440    18.3294703
     0.0666670    17.7753910
     0.0888890    17.4641907
     0.1111110    17.1732350
     0.1333330    16.6962573
     0.1555560    16.1502648
     0.1777780    15.5857738
     0.2000000    15.0196999
     0.2222220    14.4588438
     0.2444440    13.9250935
     0.2666670    13.7948880
     0.2888890    13.2794199
     0.3111110    12.7785960
     0.3333330    12.2935573
     0.3555560    11.8268510
     0.3777780    11.3812167
     0.4000000    10.9634107
     0.4222220    10.5874435
     0.4444440    10.2897781
     0.4666670    10.1513884
     0.4888890    10.2312071
     0.5111110    10.4654088
     0.5333330    10.7798814
     0.5555560    11.1401131
     0.5777780    11.0333109
     0.6000000    10.7325257
     0.6222220    10.4512762
     0.6444440    10.1913896
     0.6666670     9.9558402

     0.0000000    19.2800907
     0.0222220    19.5927214
     0.0444440    19.2825669
     0.0666670    18.7782855
     0.0888890    18.2784806
     0.1111110    17.7024055
     0.1333330    17.1239359
     0.1555560    16.5480194
     0.1777780    15.9779447
     0.2000000    15.4162785
     0.2222220    14.8643591
     0.2444440    14.3234817
     0.2666670    13.9033731
     0.2888890    13.9888797
     0.3111110    14.1309313
     0.3333330    14.2991649
     0.3555560    14.4525704
     0.3777780    14.3871289
     0.4000000    14.0197798
     0.4222220    13.6058019
     0.4444440    13.1951955
     0.4666670    12.7964792
     0.4888890    12.4116373
     0.5111110    12.0421523
     0.5333330    11.6888103
     0.5555560    11.3523826
     0.5777780    11.0999435
     0.6000000    10.7899811
     0.6222220    10.4959076
     0.6444440    10.2177499
     0.6666670     9.9558453

     0.0000000    19.2800907
     0.0222220    19.6273332
     0.0444440    19.3846621
     0.0666670    18.8442931
     0.0888890    18.3319509
     0.1111110    18.0747306
     0.1333330    17.9971354
     0.1555560    17.9720321
     0.1777780    17.9200795
     0.2000000    17.7779326
     0.2222220    17.5123997
     0.2444440    17.1506110
     0.2666670    16.7366922
     0.2888890    16.2991952
     0.3111110    15.8522414
     0.3333330    15.4041907
     0.3555560    14.9598218
     0.3777780    14.5220716
     0.4000000    14.0929977
     0.4222220    13.6740612
     0.4444440    13.2664623
     0.4666670    12.8713052
     0.4888890    12.4888790
     0.5111110    12.1200681
     0.5333330    11.7654151
     0.5555560    11.4252046
     0.5777780    11.5317540
     0.6000000    11.9473194
     0.6222220    12.3827674
     0.6444440    12.8355511
     0.6666670    13.3032871

