     0.0000000    -2.6005178
     0.0222220    -2.5911776
     0.0444440    -2.5633669
     0.0666670    -2.5171682
     0.0888890    -2.4525289
     0.1111110    -2.3693687
     0.1333330    -2.2677441
     0.1555560    -2.1478533
     0.1777780    -2.0096266
     0.2000000    -1.8533552
     0.2222220    -1.6788697
     0.2444440    -1.4864087
     0.2666670    -1.2760151
     0.2888890    -1.0479879
     0.3111110    -0.8021583
     0.3333330    -0.5387739
     0.3555560    -0.2580361
     0.3777780     0.0399040
     0.4000000     0.3548602
     0.4222220     0.6867837
     0.4444440     1.0354556
     0.4666670     1.4004197
     0.4888890     1.7816552
     0.5111110     2.1790281
     0.5333330     2.5919732
     0.5555560     3.0203523
     0.5777780     3.4634595
     0.6000000     3.9207242
     0.6222220     4.3903951
     0.6444440     4.8685131
     0.6666670     5.3220783

     0.0000000    -2.2885171
     0.0222220    -2.2793167
     0.0444440    -2.2516211
     0.0666670    -2.2054053
     0.0888890    -2.1409761
     0.1111110    -2.0580713
     0.1333330    -1.9567952
     0.1555560    -1.8372717
     0.1777780    -1.6994728
     0.2000000    -1.5435715
     0.2222220    -1.3696648
     0.2444440    -1.1778850
     0.2666670    -0.9681847
     0.2888890    -0.7408134
     0.3111110    -0.4957450
     0.3333330    -0.2332074
     0.3555560     0.0465804
     0.3777780     0.3434516
     0.4000000     0.6575045
     0.4222220     0.9883788
     0.4444440     1.3358365
     0.4666670     1.6995502
     0.4888890     2.0794720
     0.5111110     2.4751793
     0.5333330     2.8865884
     0.5555560     3.3129123
     0.5777780     3.7534506
     0.6000000     4.2072077
     0.6222220     4.6707656
     0.6444440     5.1280278
     0.6666670     5.3221385

     0.0000000     3.1620631
     0.0222220     3.1706757
     0.0444440     3.1966029
     0.0666670     3.2398570
     0.0888890     3.3002087
     0.1111110     3.3779291
     0.1333330     3.4728266
     0.1555560     3.5846463
     0.1777780     3.7135635
     0.2000000     3.8592752
     0.2222220     4.0216367
     0.2444440     4.2006265
     0.2666670     4.3959871
     0.2888890     4.6073444
     0.3111110     4.8347916
     0.3333330     5.0775870
     0.3555560     5.3351222
     0.3777780     5.6064722
     0.4000000     5.8899937
     0.4222220     6.1828875
     0.4444440     6.4791821
     0.4666670     6.7660982
     0.4888890     7.0130563
     0.5111110     7.1564586
     0.5333330     7.0253093
     0.5555560     6.7295412
     0.5777780     6.4279540
     0.6000000     6.1327217
     0.6222220     5.8485533
     0.6444440     5.5780144
     0.6666670     5.3221385

     0.0000000     4.0668118
     0.0222220     4.0753968
     0.0444440     4.1015539
     0.0666670     4.1452195
     0.0888890     4.2062489
     0.1111110     4.2847119
     0.1333330     4.3804326
     0.1555560     4.4932222
     0.1777780     4.6231821
     0.2000000     4.7698710
     0.2222220     4.9332120
     0.2444440     5.1128607
     0.2666670     5.3082946
     0.2888890     5.5186599
     0.3111110     5.7437319
     0.3333330     5.9819492
     0.3555560     6.2314917
     0.3777780     6.4893146
     0.4000000     6.7505166
     0.4222220     7.0057606
     0.4444440     7.2364151
     0.4666670     7.4032987
     0.4888890     7.4349999
     0.5111110     7.2872467
     0.5333330     7.1397049
     0.5555560     6.8909110
     0.5777780     6.5614600
     0.6000000     6.2497274
     0.6222220     5.9581961
     0.6444440     5.7027606
     0.6666670     5.7390378

     0.0000000    14.1988477
     0.0222220    14.2047144
     0.0444440    14.2219536
     0.0666670    14.2493210
     0.0888890    14.2839001
     0.1111110    14.3202876
     0.1333330    14.3460593
     0.1555560    14.3320605
     0.1777780    14.2170455
     0.2000000    13.9377354
     0.2222220    13.5231411
     0.2444440    13.0448125
     0.2666670    12.5443653
     0.2888890    12.0401431
     0.3111110    11.5401982
     0.3333330    11.0489474
     0.3555560    10.5687573
     0.3777780    10.1011357
     0.4000000     9.6471681
     0.4222220     9.2073757
     0.4444440     8.7823979
     0.4666670     8.3724487
     0.4888890     7.9781877
     0.5111110     7.5995488
     0.5333330     7.2371355
     0.5555560     6.9850830
     0.5777780     6.7613112
     0.6000000     6.5092090
     0.6222220     6.2284192
     0.6444440     5.9566679
     0.6666670     5.7390378

     0.0000000    15.5346497
     0.0222220    15.5391756
     0.0444440    15.5521158
     0.0666670    15.5704583
     0.0888890    15.5871264
     0.1111110    15.5846489
     0.1333330    15.5186223
     0.1555560    15.3052090
     0.1777780    14.9170452
     0.2000000    14.4257845
     0.2222220    13.8391152
     0.2444440    13.2661174
     0.2666670    12.7080065
     0.2888890    12.1657322
     0.3111110    11.6400661
     0.3333330    11.1317280
     0.3555560    10.6416464
     0.3777780    10.1710645
     0.4000000     9.7222023
     0.4222220     9.2991367
     0.4444440     8.9112710
     0.4666670     8.5827369
     0.4888890     8.2500552
     0.5111110     7.8718112
     0.5333330     7.5095607
     0.5555560     7.1636757
     0.5777780     6.8344592
     0.6000000     6.5223586
     0.6222220     6.2487005
     0.6444440     5.9901808
     0.6666670     5.7390807

     0.0000000    19.5104139
     0.0222220    19.0742791
     0.0444440    18.5732378
     0.0666670    18.0332857
     0.0888890    17.4754625
     0.1111110    16.8652438
     0.1333330    16.2485765
     0.1555560    15.6332736
     0.1777780    15.0246007
     0.2000000    14.4317938
     0.2222220    13.9116130
     0.2444440    13.3826330
     0.2666670    12.8558090
     0.2888890    12.3365395
     0.3111110    11.8274524
     0.3333330    11.3304281
     0.3555560    10.8464514
     0.3777780    10.3763257
     0.4000000     9.9206768
     0.4222220     9.4799204
     0.4444440     9.0544178
     0.4666670     8.6444148
     0.4888890     8.3714447
     0.5111110     8.3469443
     0.5333330     8.5104621
     0.5555560     8.8051454
     0.5777780     9.1732152
     0.6000000     9.5845230
     0.6222220    10.0256894
     0.6444440    10.4906736
     0.6666670    10.9762379

     0.0000000    19.5104139
     0.0222220    19.1353368
     0.0444440    18.6270552
     0.0666670    18.0679804
     0.0888890    17.4759705
     0.1111110    16.9202890
     0.1333330    16.3866827
     0.1555560    15.9094566
     0.1777780    15.5524025
     0.2000000    15.0019686
     0.2222220    14.4599633
     0.2444440    13.9278017
     0.2666670    13.4067220
     0.2888890    12.8983931
     0.3111110    12.4042052
     0.3333330    11.9253379
     0.3555560    11.4642210
     0.3777780    11.0240772
     0.4000000    10.6099006
     0.4222220    10.2300439
     0.4444440     9.8997500
     0.4666670     9.6470021
     0.4888890     9.5157920
     0.5111110     9.5446751
     0.5333330     9.7237526
     0.5555560    10.0071858
     0.5777780    10.3555384
     0.6000000    10.7466975
     0.6222220    11.1681989
     0.6444440    11.2284646
     0.6666670    10.9762379

     0.0000000    19.5656613
     0.0222220    19.3178645
     0.0444440    18.8207098
     0.0666670    18.2876134
     0.0888890    17.7454211
     0.1111110    17.2245411
     0.1333330    16.6718759
     0.1555560    16.1095676
     0.1777780    15.5530774
     0.2000000    15.3825060
     0.2222220    15.3693617
     0.2444440    15.4414274
     0.2666670    15.5549166
     0.2888890    15.6861598
     0.3111110    15.8161847
     0.3333330    15.9187044
     0.3555560    15.8440463
     0.3777780    15.4615258
     0.4000000    15.0632682
     0.4222220    14.6619839
     0.4444440    14.2648900
     0.4666670    13.8755551
     0.4888890    13.4951733
     0.5111110    13.1201513
     0.5333330    12.7619618
     0.5555560    12.4204439
     0.5777780    12.0959219
     0.6000000    11.7889515
     0.6222220    11.4996027
     0.6444440    11.2369524
     0.6666670    10.9762386

     0.0000000    19.5656613
     0.0222220    19.3953463
     0.0444440    18.8954327
     0.0666670    18.3558996
     0.0888890    17.7990780
     0.1111110    17.2361807
     0.1333330    16.7771234
     0.1555560    16.4911971
     0.1777780    16.3960478
     0.2000000    16.4130233
     0.2222220    16.4764407
     0.2444440    16.5497433
     0.2666670    16.6005550
     0.2888890    16.5828814
     0.3111110    16.4467927
     0.3333330    16.1863771
     0.3555560    15.9504247
     0.3777780    15.6097117
     0.4000000    15.1562492
     0.4222220    14.7173747
     0.4444440    14.2940570
     0.4666670    13.8864789
     0.4888890    13.4968121
     0.5111110    13.1304570
     0.5333330    12.7776198
     0.5555560    12.4389348
     0.5777780    12.1151164
     0.6000000    11.8066148
     0.6222220    11.5137589
     0.6444440    11.6137834
     0.6666670    12.0792602

     0.0000000    19.7500491
     0.0222220    19.8582397
     0.0444440    20.1118702
     0.0666670    20.2865163
     0.0888890    20.4033339
     0.1111110    20.4764557
     0.1333330    20.4750062
     0.1555560    20.2735746
     0.1777780    19.9694074
     0.2000000    19.6013092
     0.2222220    19.1565642
     0.2444440    18.6191739
     0.2666670    18.0894123
     0.2888890    17.5693599
     0.3111110    17.0604845
     0.3333330    16.5642570
     0.3555560    16.0836674
     0.3777780    15.8770062
     0.4000000    15.6801499
     0.4222220    15.4050095
     0.4444440    15.0903291
     0.4666670    14.7595979
     0.4888890    14.4255476
     0.5111110    14.0946089
     0.5333330    13.7712915
     0.5555560    13.4571849
     0.5777780    13.1545806
     0.6000000    12.8644560
     0.6222220    12.5857587
     0.6444440    12.3239367
     0.6666670    12.0792602

     0.0000000    19.7500491
     0.0222220    19.9525691
     0.0444440    20.2159801
     0.0666670    20.4076339
     0.0888890    20.5532686
     0.1111110    20.5628498
     0.1333330    20.5046284
     0.1555560    20.4691804
     0.1777780    20.2430214
     0.2000000    19.6989262
     0.2222220    19.2064040
     0.2444440    18.8133036
     0.2666670    18.4495213
     0.2888890    18.1332062
     0.3111110    17.7841345
     0.3333330    17.3532313
     0.3555560    16.9095764
     0.3777780    16.4735568
     0.4000000    16.0494862
     0.4222220    15.6387104
     0.4444440    15.2416416
     0.4666670    14.8585836
     0.4888890    14.4894512
     0.5111110    14.1349120
     0.5333330    13.7946846
     0.5555560    13.4692622
     0.5777780    13.1591544
     0.6000000    12.8645072
     0.6222220    12.5878950
     0.6444440    12.3259809
     0.6666670    12.0792736

