     0.0000000    -3.2031148
     0.0222220    -3.1938365
     0.0444440    -3.1660033
     0.0666670    -3.1195980
     0.0888890    -3.0544891
     0.1111110    -2.9710623
     0.1333330    -2.8689913
     0.1555560    -2.7484253
     0.1777780    -2.6095414
     0.2000000    -2.4522302
     0.2222220    -2.2767067
     0.2444440    -2.0830567
     0.2666670    -1.8714552
     0.2888890    -1.6418947
     0.3111110    -1.3946210
     0.3333330    -1.1296797
     0.3555560    -0.8473822
     0.3777780    -0.5476071
     0.4000000    -0.2307319
     0.4222220     0.1032399
     0.4444440     0.4540491
     0.4666670     0.8213936
     0.4888890     1.2052197
     0.5111110     1.6053457
     0.5333330     2.0213900
     0.5555560     2.4531318
     0.5777780     2.9002138
     0.6000000     3.3624303
     0.6222220     3.8391029
     0.6444440     4.3298740
     0.6666670     4.8336162

     0.0000000    -0.7200799
     0.0222220    -0.7110479
     0.0444440    -0.6838181
     0.0666670    -0.6384281
     0.0888890    -0.5749450
     0.1111110    -0.4933145
     0.1333330    -0.3936571
     0.1555560    -0.2758731
     0.1777780    -0.1403156
     0.2000000     0.0131177
     0.2222220     0.1842672
     0.2444440     0.3731506
     0.2666670     0.5795597
     0.2888890     0.8034361
     0.3111110     1.0444227
     0.3333330     1.3026963
     0.3555560     1.5779359
     0.3777780     1.8698953
     0.4000000     2.1783677
     0.4222220     2.5030982
     0.4444440     2.8439132
     0.4666670     3.2002627
     0.4888890     3.5716922
     0.5111110     3.9573449
     0.5333330     4.3559380
     0.5555560     4.7648776
     0.5777780     5.1768012
     0.6000000     5.5114867
     0.6222220     5.3613066
     0.6444440     5.0945645
     0.6666670     4.8336372

     0.0000000     0.4991820
     0.0222220     0.5078757
     0.0444440     0.5347303
     0.0666670     0.5795671
     0.0888890     0.6423671
     0.1111110     0.7229881
     0.1333330     0.8214313
     0.1555560     0.9376877
     0.1777780     1.0716107
     0.2000000     1.2231301
     0.2222220     1.3921058
     0.2444440     1.5785539
     0.2666670     1.7820865
     0.2888890     2.0029356
     0.3111110     2.2407256
     0.3333330     2.4953510
     0.3555560     2.7664141
     0.3777780     3.0536295
     0.4000000     3.3570489
     0.4222220     3.6759706
     0.4444440     4.0097800
     0.4666670     4.3576738
     0.4888890     4.7181963
     0.5111110     5.0891167
     0.5333330     5.4653417
     0.5555560     5.8284322
     0.5777780     5.9352355
     0.6000000     5.6631698
     0.6222220     5.3742855
     0.6444440     5.0967275
     0.6666670     4.8336372

     0.0000000     7.5532378
     0.0222220     7.5614091
     0.0444440     7.5860434
     0.0666670     7.6270540
     0.0888890     7.6843453
     0.1111110     7.7576822
     0.1333330     7.8469150
     0.1555560     7.9516049
     0.1777780     8.0713428
     0.2000000     8.2053487
     0.2222220     8.3522848
     0.2444440     8.5107471
     0.2666670     8.6772827
     0.2888890     8.8463532
     0.3111110     9.0064978
     0.3333330     9.1337830
     0.3555560     9.1790473
     0.3777780     9.0795164
     0.4000000     8.8327734
     0.4222220     8.5009373
     0.4444440     8.1349452
     0.4666670     7.7601472
     0.4888890     7.3883036
     0.5111110     7.0257523
     0.5333330     6.6775919
     0.5555560     6.3514959
     0.5777780     6.0337792
     0.6000000     5.8168797
     0.6222220     6.1030002
     0.6444440     6.5124384
     0.6666670     6.8976552

     0.0000000     9.8165944
     0.0222220     9.8243516
     0.0444440     9.8476431
     0.0666670     9.8862917
     0.0888890     9.9400519
     0.1111110    10.0084375
     0.1333330    10.0907837
     0.1555560    10.1860953
     0.1777780    10.2923762
     0.2000000    10.4066673
     0.2222220    10.5232996
     0.2444440    10.6308015
     0.2666670    10.7048696
     0.2888890    10.6972416
     0.3111110    10.5475889
     0.3333330    10.2547959
     0.3555560     9.8783352
     0.3777780     9.4671592
     0.4000000     9.0460856
     0.4222220     8.6268350
     0.4444440     8.2150200
     0.4666670     7.8139126
     0.4888890     7.4256646
     0.5111110     7.0515997
     0.5333330     6.6929045
     0.5555560     6.3584828
     0.5777780     6.3012285
     0.6000000     6.6042947
     0.6222220     6.8531277
     0.6444440     6.9516259
     0.6666670     6.8976552

     0.0000000    19.0515486
     0.0222220    18.6097285
     0.0444440    18.1017585
     0.0666670    17.5507425
     0.0888890    16.9755320
     0.1111110    16.3892584
     0.1333330    15.7943284
     0.1555560    15.2019418
     0.1777780    14.6163860
     0.2000000    14.0412907
     0.2222220    13.4793528
     0.2444440    12.9339866
     0.2666670    12.4086861
     0.2888890    11.9098014
     0.3111110    11.4483725
     0.3333330    11.0478724
     0.3555560    10.7549467
     0.3777780    10.6266041
     0.4000000    10.6475352
     0.4222220    10.6403565
     0.4444440    10.2166319
     0.4666670     9.8094371
     0.4888890     9.4189647
     0.5111110     9.0451880
     0.5333330     8.6880954
     0.5555560     8.3477947
     0.5777780     8.0240975
     0.6000000     7.7171928
     0.6222220     7.4269970
     0.6444440     7.1537472
     0.6666670     6.8976557

     0.0000000    19.0515486
     0.0222220    18.6218543
     0.0444440    18.1125637
     0.0666670    17.5593458
     0.0888890    16.9806625
     0.1111110    16.3893949
     0.1333330    15.8017427
     0.1555560    15.2193237
     0.1777780    14.6472029
     0.2000000    14.0914277
     0.2222220    13.5593463
     0.2444440    13.0635120
     0.2666670    12.6288845
     0.2888890    12.3037663
     0.3111110    12.1476723
     0.3333330    12.1597722
     0.3555560    12.0105426
     0.3777780    11.5374079
     0.4000000    11.0806408
     0.4222220    10.6914290
     0.4444440    10.5675590
     0.4666670    10.2771305
     0.4888890     9.9389158
     0.5111110     9.5986978
     0.5333330     9.2726072
     0.5555560     8.9709623
     0.5777780     8.7070899
     0.6000000     8.5070947
     0.6222220     8.4245022
     0.6444440     8.5281689
     0.6666670     8.8171112

     0.0000000    19.0647061
     0.0222220    19.4077509
     0.0444440    19.6764050
     0.0666670    19.3657374
     0.0888890    18.7757061
     0.1111110    18.1687964
     0.1333330    17.5578422
     0.1555560    16.9499544
     0.1777780    16.3491588
     0.2000000    15.7584627
     0.2222220    15.1796860
     0.2444440    14.6142294
     0.2666670    14.0628442
     0.2888890    13.5264575
     0.3111110    13.0053471
     0.3333330    12.4999801
     0.3555560    12.2736821
     0.3777780    12.2206774
     0.4000000    11.8262696
     0.4222220    11.5407458
     0.4444440    11.5048705
     0.4666670    11.4482171
     0.4888890    11.0729880
     0.5111110    10.7100998
     0.5333330    10.3627934
     0.5555560    10.0332504
     0.5777780     9.7238928
     0.6000000     9.4381227
     0.6222220     9.1816691
     0.6444440     8.9662370
     0.6666670     8.8171112

     0.0000000    19.0647061
     0.0222220    19.4219436
     0.0444440    19.6905701
     0.0666670    19.6766544
     0.0888890    19.1235671
     0.1111110    18.5492081
     0.1333330    17.9707928
     0.1555560    17.3940600
     0.1777780    16.8224749
     0.2000000    16.2587986
     0.2222220    15.7046184
     0.2444440    15.1619241
     0.2666670    14.6312142
     0.2888890    14.1142367
     0.3111110    13.6119221
     0.3333330    13.1263460
     0.3555560    12.6603826
     0.3777780    12.4145985
     0.4000000    12.4421047
     0.4222220    12.1940524
     0.4444440    11.8293681
     0.4666670    11.6935431
     0.4888890    11.3957744
     0.5111110    11.0206395
     0.5333330    10.6596834
     0.5555560    10.3136314
     0.5777780     9.9823268
     0.6000000     9.6668564
     0.6222220     9.3669000
     0.6444440     9.0834459
     0.6666670     8.8171195

     0.0000000    20.2215320
     0.0222220    20.1926951
     0.0444440    19.9065003
     0.0666670    19.8738405
     0.0888890    19.6944286
     0.1111110    19.2547049
     0.1333330    18.7792392
     0.1555560    18.2883402
     0.1777780    17.7905421
     0.2000000    17.2908690
     0.2222220    16.7787463
     0.2444440    16.2374517
     0.2666670    15.7085324
     0.2888890    15.1932241
     0.3111110    14.6933016
     0.3333330    14.2121553
     0.3555560    13.7569366
     0.3777780    13.3531904
     0.4000000    13.0284366
     0.4222220    12.6015054
     0.4444440    12.1867158
     0.4666670    11.7846305
     0.4888890    11.9774281
     0.5111110    12.3059077
     0.5333330    12.6625815
     0.5555560    13.0399613
     0.5777780    13.4338212
     0.6000000    13.8404576
     0.6222220    14.2559062
     0.6444440    14.6741572
     0.6666670    15.0845954

     0.0000000    20.8278897
     0.0222220    20.4906214
     0.0444440    20.2355153
     0.0666670    19.9156018
     0.0888890    20.0127704
     0.1111110    19.6046815
     0.1333330    19.0333307
     0.1555560    18.4609119
     0.1777780    17.8923442
     0.2000000    17.3309410
     0.2222220    16.7921766
     0.2444440    16.2966494
     0.2666670    15.8059003
     0.2888890    15.3215166
     0.3111110    14.8443592
     0.3333330    14.3756049
     0.3555560    13.9162502
     0.3777780    13.4669295
     0.4000000    13.1179040
     0.4222220    13.2011522
     0.4444440    13.4372557
     0.4666670    13.7217320
     0.4888890    14.0287692
     0.5111110    14.3457252
     0.5333330    14.6610806
     0.5555560    14.9551615
     0.5777780    15.1940565
     0.6000000    15.3286858
     0.6222220    15.3327341
     0.6444440    15.2355316
     0.6666670    15.0845954

