     0.6666670     5.1383381
     0.6777788     5.0143950
     0.6888892     4.8942660
     0.7000009     4.7781271
     0.7111118     4.6660969
     0.7222231     4.5579760
     0.7333340     4.4539096
     0.7444452     4.3540147
     0.7555561     4.2581603
     0.7666674     4.1664615
     0.7777783     4.0789141
     0.7888896     3.9955353
     0.8000005     3.9163406
     0.8111122     3.8413448
     0.8222226     3.7705616
     0.8333344     3.7040561
     0.8444448     3.6414583
     0.8555565     3.5828956
     0.8666669     3.5286338
     0.8777787     3.4787178
     0.8888891     3.4332027
     0.9000009     3.3920021
     0.9111117     3.3550436
     0.9222230     3.3224221
     0.9333339     3.2941246
     0.9444452     3.2701890
     0.9555561     3.2505754
     0.9666673     3.2354150
     0.9777782     3.2245049
     0.9888895     3.2179719
     1.0000004     3.2157942

     0.6666670     5.1383715
     0.6777788     5.0199883
     0.6888892     4.9018882
     0.7000009     4.7862610
     0.7111118     4.6740039
     0.7222231     4.5653883
     0.7333340     4.4606521
     0.7444452     4.3599308
     0.7555561     4.2632693
     0.7666674     4.1708672
     0.7777783     4.0825336
     0.7888896     3.9984027
     0.8000005     3.9184974
     0.8111122     3.8428363
     0.8222226     3.7714352
     0.8333344     3.7043078
     0.8444448     3.6417263
     0.8555565     3.5836399
     0.8666669     3.5298258
     0.8777787     3.4803056
     0.8888891     3.4349729
     0.9000009     3.3940034
     0.9111117     3.3573096
     0.9222230     3.3249308
     0.9333339     3.2968445
     0.9444452     3.2730703
     0.9555561     3.2536129
     0.9666673     3.2384904
     0.9777782     3.2276448
     0.9888895     3.2211553
     1.0000004     3.2190148

     0.6666670     5.1383715
     0.6777788     5.3747395
     0.6888892     5.5576828
     0.7000009     5.5678230
     0.7111118     5.4850252
     0.7222231     5.3871912
     0.7333340     5.2881058
     0.7444452     5.1910150
     0.7555561     5.0970340
     0.7666674     5.0066312
     0.7777783     4.9201651
     0.7888896     4.8375828
     0.8000005     4.7590592
     0.8111122     4.6846495
     0.8222226     4.6143923
     0.8333344     4.5483251
     0.8444448     4.4864500
     0.8555565     4.4287935
     0.8666669     4.3753687
     0.8777787     4.3261868
     0.8888891     4.2813065
     0.9000009     4.2406241
     0.9111117     4.2042187
     0.9222230     4.1721015
     0.9333339     4.1442224
     0.9444452     4.1206443
     0.9555561     4.1013357
     0.9666673     4.0864209
     0.9777782     4.0755862
     0.9888895     4.0691508
     1.0000004     4.0670196

     0.6666670     6.0221619
     0.6777788     5.9051972
     0.6888892     5.7905285
     0.7000009     5.6786035
     0.7111118     5.5698418
     0.7222231     5.4641667
     0.7333340     5.3620814
     0.7444452     5.2635137
     0.7555561     5.1686347
     0.7666674     5.0775803
     0.7777783     4.9904289
     0.7888896     4.9072505
     0.8000005     4.8281043
     0.8111122     4.7530408
     0.8222226     4.6821031
     0.8333344     4.6153573
     0.8444448     4.5527266
     0.8555565     4.4943358
     0.8666669     4.4402203
     0.8777787     4.3905097
     0.8888891     4.3449231
     0.9000009     4.3036262
     0.9111117     4.2666691
     0.9222230     4.2340665
     0.9333339     4.2057669
     0.9444452     4.1818092
     0.9555561     4.1621999
     0.9666673     4.1469743
     0.9777782     4.1359506
     0.9888895     4.1294084
     1.0000004     4.1272509

     0.6666670     6.0221619
     0.6777788     5.9168855
     0.6888892     5.8721643
     0.7000009     6.0074327
     0.7111118     6.2424840
     0.7222231     6.4993076
     0.7333340     6.7637491
     0.7444452     7.0321467
     0.7555561     7.3027952
     0.7666674     7.5742363
     0.7777783     7.8449905
     0.7888896     8.1118694
     0.8000005     8.3683041
     0.8111122     8.4202987
     0.8222226     8.4257356
     0.8333344     8.4148896
     0.8444448     8.3940408
     0.8555565     8.3674406
     0.8666669     8.3380334
     0.8777787     8.3077577
     0.8888891     8.2778896
     0.9000009     8.2492411
     0.9111117     8.2225945
     0.9222230     8.1983523
     0.9333339     8.1768482
     0.9444452     8.1583270
     0.9555561     8.1429616
     0.9666673     8.1309475
     0.9777782     8.1222526
     0.9888895     8.1170205
     1.0000004     8.1152726

     0.6666670     6.0221778
     0.6777788     6.2599800
     0.6888892     6.5023224
     0.7000009     6.7461441
     0.7111118     6.9892720
     0.7222231     7.2293700
     0.7333340     7.4632591
     0.7444452     7.6865846
     0.7555561     7.8929211
     0.7666674     8.0740490
     0.7777783     8.2204687
     0.7888896     8.3257705
     0.8000005     8.3901169
     0.8111122     8.5946152
     0.8222226     8.7347685
     0.8333344     8.7582616
     0.8444448     8.7294317
     0.8555565     8.6868430
     0.8666669     8.6416335
     0.8777787     8.5974690
     0.8888891     8.5558691
     0.9000009     8.5174104
     0.9111117     8.4826231
     0.9222230     8.4517284
     0.9333339     8.4247363
     0.9444452     8.4017990
     0.9555561     8.3829592
     0.9666673     8.3682840
     0.9777782     8.3577754
     0.9888895     8.3514698
     1.0000004     8.3493789

     0.6666670    10.2990870
     0.6777788    10.1747128
     0.6888892    10.0544831
     0.7000009     9.9384896
     0.7111118     9.8267359
     0.7222231     9.7194260
     0.7333340     9.6166224
     0.7444452     9.5185018
     0.7555561     9.4253459
     0.7666674     9.3376407
     0.7777783     9.2564005
     0.7888896     9.1835898
     0.8000005     9.1248435
     0.8111122     9.0984080
     0.8222226     9.1583277
     0.8333344     9.3324010
     0.8444448     9.5520790
     0.8555565     9.7734124
     0.8666669     9.9782640
     0.8777787    10.1554734
     0.8888891    10.2980345
     0.9000009    10.4044442
     0.9111117    10.4788296
     0.9222230    10.5282099
     0.9333339    10.5597582
     0.9444452    10.5792867
     0.9555561    10.5909925
     0.9666673    10.5977634
     0.9777782    10.6014488
     0.9888895    10.6032396
     1.0000004    10.6038047

     0.6666670    10.2990870
     0.6777788    10.1873147
     0.6888892    10.0824167
     0.7000009     9.9852429
     0.7111118     9.8971723
     0.7222231     9.8202075
     0.7333340     9.7569537
     0.7444452     9.7117486
     0.7555561     9.6904763
     0.7666674     9.7013142
     0.7777783     9.7529080
     0.7888896     9.8510153
     0.8000005     9.9942418
     0.8111122    10.1736753
     0.8222226    10.3759622
     0.8333344    10.5848683
     0.8444448    10.7787034
     0.8555565    10.9287008
     0.8666669    11.0148068
     0.8777787    11.0477021
     0.8888891    11.0504504
     0.9000009    11.0391365
     0.9111117    11.0220018
     0.9222230    11.0031577
     0.9333339    10.9847743
     0.9444452    10.9680754
     0.9555561    10.9537773
     0.9666673    10.9423532
     0.9777782    10.9339743
     0.9888895    10.9289067
     1.0000004    10.9272082

     0.6666670    10.2990913
     0.6777788    10.5434749
     0.6888892    10.7931985
     0.7000009    11.0479885
     0.7111118    11.3075204
     0.7222231    11.5715435
     0.7333340    11.8396610
     0.7444452    12.1121581
     0.7555561    12.0405036
     0.7666674    11.9576483
     0.7777783    11.8801801
     0.7888896    11.8089246
     0.8000005    11.7450647
     0.8111122    11.6906645
     0.8222226    11.6495874
     0.8333344    11.6295183
     0.8444448    11.6455427
     0.8555565    11.6972642
     0.8666669    11.7460344
     0.8777787    11.8318833
     0.8888891    11.9600317
     0.9000009    12.1304447
     0.9111117    12.3387023
     0.9222230    12.5764158
     0.9333339    12.8347260
     0.9444452    13.1060054
     0.9555561    13.3820105
     0.9666673    13.6532523
     0.9777782    13.9028253
     0.9888895    14.0971298
     1.0000004    14.1758141

     0.6666670    12.8648501
     0.6777788    12.7474701
     0.6888892    12.6342969
     0.7000009    12.5250491
     0.7111118    12.4196387
     0.7222231    12.3182619
     0.7333340    12.2211394
     0.7444452    12.1284818
     0.7555561    12.0560201
     0.7666674    11.9783558
     0.7777783    11.9072018
     0.7888896    11.8430293
     0.8000005    11.7868481
     0.8111122    11.7399726
     0.8222226    11.7042754
     0.8333344    11.6824488
     0.8444448    11.6783341
     0.8555565    11.7222983
     0.8666669    11.8766657
     0.8777787    12.0960333
     0.8888891    12.3554049
     0.9000009    12.6371393
     0.9111117    12.9321847
     0.9222230    13.2347481
     0.9333339    13.5406008
     0.9444452    13.8460823
     0.9555561    14.1454914
     0.9666673    14.4303646
     0.9777782    14.6832028
     0.9888895    14.8714334
     1.0000004    14.9443244

     0.6666670    12.8648501
     0.6777788    12.7479045
     0.6888892    12.6345460
     0.7000009    12.5257187
     0.7111118    12.4217367
     0.7222231    12.3226000
     0.7333340    12.2284400
     0.7444452    12.1394832
     0.7555561    12.3884953
     0.7666674    12.6687912
     0.7777783    12.9527841
     0.7888896    13.2403337
     0.8000005    13.5312954
     0.8111122    13.8255161
     0.8222226    14.1228291
     0.8333344    14.4230603
     0.8444448    14.7259137
     0.8555565    15.0312780
     0.8666669    15.3387999
     0.8777787    15.6482213
     0.8888891    15.9586645
     0.9000009    16.2696262
     0.9111117    16.5810662
     0.9222230    16.8914222
     0.9333339    16.9163992
     0.9444452    16.6131407
     0.9555561    16.3119250
     0.9666673    16.0218571
     0.9777782    15.7589046
     0.9888895    15.5566807
     1.0000004    15.4755597

     0.6666670    12.8648602
     0.6777788    13.1053919
     0.6888892    13.3492907
     0.7000009    13.5966562
     0.7111118    13.8470207
     0.7222231    14.1000583
     0.7333340    14.3559920
     0.7444452    14.6143682
     0.7555561    14.8746696
     0.7666674    15.1366181
     0.7777783    15.3996797
     0.7888896    15.6632378
     0.8000005    15.9265083
     0.8111122    16.1884768
     0.8222226    16.4478130
     0.8333344    16.7028299
     0.8444448    16.9509297
     0.8555565    17.1891534
     0.8666669    17.4137296
     0.8777787    17.6197582
     0.8888891    17.8020562
     0.9000009    17.7795206
     0.9111117    17.5048306
     0.9222230    17.2154503
     0.9333339    17.1990818
     0.9444452    17.5014918
     0.9555561    17.4482206
     0.9666673    17.1375651
     0.9777782    16.8661303
     0.9888895    16.6668793
     1.0000004    16.5903238

