     0.6666670     4.8336162
     0.6777788     4.7079126
     0.6888892     4.5861775
     0.7000009     4.4685937
     0.7111118     4.3549635
     0.7222231     4.2454410
     0.7333340     4.1400538
     0.7444452     4.0387690
     0.7555561     3.9417486
     0.7666674     3.8488812
     0.7777783     3.7601216
     0.7888896     3.6755365
     0.8000005     3.5952693
     0.8111122     3.5193729
     0.8222226     3.4477254
     0.8333344     3.3802830
     0.8444448     3.3171703
     0.8555565     3.2583717
     0.8666669     3.2038956
     0.8777787     3.1537500
     0.8888891     3.1079172
     0.9000009     3.0664489
     0.9111117     3.0293513
     0.9222230     2.9965914
     0.9333339     2.9681895
     0.9444452     2.9443002
     0.9555561     2.9246075
     0.9666673     2.9092769
     0.9777782     2.8983440
     0.9888895     2.8917198
     1.0000004     2.8895326

     0.6666670     4.8336372
     0.6777788     4.7083394
     0.6888892     4.5867017
     0.7000009     4.4689830
     0.7111118     4.3552743
     0.7222231     4.2456384
     0.7333340     4.1401210
     0.7444452     4.0388287
     0.7555561     3.9419720
     0.7666674     3.8492388
     0.7777783     3.7606062
     0.7888896     3.6762072
     0.8000005     3.5961070
     0.8111122     3.5202160
     0.8222226     3.4486150
     0.8333344     3.3812580
     0.8444448     3.3182209
     0.8555565     3.2594895
     0.8666669     3.2050675
     0.8777787     3.1549745
     0.8888891     3.1091865
     0.9000009     3.0676527
     0.9111117     3.0305705
     0.9222230     2.9978550
     0.9333339     2.9694767
     0.9444452     2.9454103
     0.9555561     2.9258194
     0.9666673     2.9105261
     0.9777782     2.8996198
     0.9888895     2.8931011
     1.0000004     2.8909154

     0.6666670     4.8336372
     0.6777788     5.0898827
     0.6888892     5.3483497
     0.7000009     5.6082316
     0.7111118     5.8665577
     0.7222231     6.1063560
     0.7333340     6.1812487
     0.7444452     6.1072305
     0.7555561     6.0200730
     0.7666674     5.9336055
     0.7777783     5.8501335
     0.7888896     5.7701374
     0.8000005     5.6940481
     0.8111122     5.6219463
     0.8222226     5.5538493
     0.8333344     5.4898155
     0.8444448     5.4298702
     0.8555565     5.3740289
     0.8666669     5.3221963
     0.8777787     5.2745895
     0.8888891     5.2311106
     0.9000009     5.1917639
     0.9111117     5.1565524
     0.9222230     5.1254664
     0.9333339     5.0985327
     0.9444452     5.0757116
     0.9555561     5.0570621
     0.9666673     5.0425521
     0.9777782     5.0321911
     0.9888895     5.0258888
     1.0000004     5.0238160

     0.6666670     6.8976552
     0.6777788     6.7762584
     0.6888892     6.6595741
     0.7000009     6.5483377
     0.7111118     6.4449464
     0.7222231     6.3656328
     0.7333340     6.4122548
     0.7444452     6.3245269
     0.7555561     6.2387583
     0.7666674     6.1552662
     0.7777783     6.0744254
     0.7888896     5.9966457
     0.8000005     5.9221409
     0.8111122     5.8511294
     0.8222226     5.7837598
     0.8333344     5.7200945
     0.8444448     5.6602635
     0.8555565     5.6043342
     0.8666669     5.5522790
     0.8777787     5.5043255
     0.8888891     5.4604137
     0.9000009     5.4205356
     0.9111117     5.3849117
     0.9222230     5.3533767
     0.9333339     5.3260071
     0.9444452     5.3028419
     0.9555561     5.2838725
     0.9666673     5.2690946
     0.9777782     5.2585936
     0.9888895     5.2522580
     1.0000004     5.2501443

     0.6666670     6.8976552
     0.6777788     6.8350809
     0.6888892     6.7596271
     0.7000009     6.6767228
     0.7111118     6.5896929
     0.7222231     6.5010075
     0.7333340     6.4554626
     0.7444452     6.6958858
     0.7555561     6.9453345
     0.7666674     7.1748468
     0.7777783     7.1416737
     0.7888896     7.0792959
     0.8000005     7.0169006
     0.8111122     6.9555473
     0.8222226     6.8959562
     0.8333344     6.8386684
     0.8444448     6.7841204
     0.8555565     6.7326064
     0.8666669     6.6843561
     0.8777787     6.6395464
     0.8888891     6.5983056
     0.9000009     6.5607537
     0.9111117     6.5270036
     0.9222230     6.4971761
     0.9333339     6.4711423
     0.9444452     6.4492501
     0.9555561     6.4310766
     0.9666673     6.4169425
     0.9777782     6.4068420
     0.9888895     6.4007707
     1.0000004     6.3987480

     0.6666670     6.8976557
     0.6777788     7.0632639
     0.6888892     7.1983144
     0.7000009     7.2939158
     0.7111118     7.3464985
     0.7222231     7.3602254
     0.7333340     7.3441879
     0.7444452     7.3078840
     0.7555561     7.2589414
     0.7666674     7.2023156
     0.7777783     7.3456026
     0.7888896     7.4143440
     0.8000005     7.4043049
     0.8111122     7.3612395
     0.8222226     7.3069956
     0.8333344     7.2497130
     0.8444448     7.1928972
     0.8555565     7.1381698
     0.8666669     7.0863860
     0.8777787     7.0380379
     0.8888891     6.9934279
     0.9000009     6.9527523
     0.9111117     6.9161269
     0.9222230     6.8836702
     0.9333339     6.8554489
     0.9444452     6.8314541
     0.9555561     6.8118205
     0.9666673     6.7965022
     0.9777782     6.7855649
     0.9888895     6.7789941
     1.0000004     6.7768039

     0.6666670     8.8171112
     0.6777788     8.6906690
     0.6888892     8.5689407
     0.7000009     8.4522034
     0.7111118     8.3408793
     0.7222231     8.2356679
     0.7333340     8.1378334
     0.7444452     8.0499479
     0.7555561     7.9777811
     0.7666674     7.9360803
     0.7777783     7.9616895
     0.7888896     8.0965555
     0.8000005     8.3177220
     0.8111122     8.5787927
     0.8222226     8.8577343
     0.8333344     9.1460233
     0.8444448     9.4399022
     0.8555565     9.7373450
     0.8666669    10.0369272
     0.8777787    10.3376074
     0.8888891    10.6381325
     0.9000009    10.9370730
     0.9111117    11.2324228
     0.9222230    11.5215905
     0.9333339    11.8005749
     0.9444452    12.0628130
     0.9555561    12.2985403
     0.9666673    12.4940642
     0.9777782    12.6360935
     0.9888895    12.7190101
     1.0000004    12.7456898

     0.6666670     8.8171112
     0.6777788     8.7825767
     0.6888892     8.7867230
     0.7000009     8.8383874
     0.7111118     8.9410361
     0.7222231     9.0904241
     0.7333340     9.2773863
     0.7444452     9.4923678
     0.7555561     9.7277943
     0.7666674     9.9782031
     0.7777783    10.2401827
     0.7888896    10.5110490
     0.8000005    10.7891066
     0.8111122    11.0731897
     0.8222226    11.3620294
     0.8333344    11.6544579
     0.8444448    11.9493951
     0.8555565    12.2449434
     0.8666669    12.5379288
     0.8777787    12.8216531
     0.8888891    13.0797899
     0.9000009    13.2761883
     0.9111117    13.3783747
     0.9222230    13.4126078
     0.9333339    13.4182519
     0.9444452    13.4138491
     0.9555561    13.4062513
     0.9666673    13.3987172
     0.9777782    13.3926653
     0.9888895    13.3888013
     1.0000004    13.3874823

     0.6666670     8.8171195
     0.6777788     9.0092876
     0.6888892     9.2223208
     0.7000009     9.4508596
     0.7111118     9.6913199
     0.7222231     9.9413127
     0.7333340    10.1992154
     0.7444452    10.4638973
     0.7555561    10.7345844
     0.7666674    11.0104811
     0.7777783    11.2913862
     0.7888896    11.5768061
     0.8000005    11.8663386
     0.8111122    12.1598553
     0.8222226    12.4569966
     0.8333344    12.7573450
     0.8444448    13.0608360
     0.8555565    13.3669568
     0.8666669    13.6132322
     0.8777787    13.5725338
     0.8888891    13.5372638
     0.9000009    13.5080583
     0.9111117    13.4858779
     0.9222230    13.4723588
     0.9333339    13.4702262
     0.9444452    13.4838366
     0.9555561    13.5203230
     0.9666673    13.5885270
     0.9777782    13.6932203
     0.9888895    13.8175665
     1.0000004    13.8881784

