#  E (eV)   dos(E)     Int dos(E)
 -6.280121  0.88362564E-06  0.12022338E-06
 -6.144064  0.18543690E-03  0.25350197E-04
 -6.008007  0.66306012E-02  0.92748937E-03
 -5.871950  0.50201327E-01  0.77577273E-02
 -5.735893  0.12481091E+00  0.24739115E-01
 -5.599836  0.18256818E+00  0.49578779E-01
 -5.463779  0.22558708E+00  0.80271462E-01
 -5.327723  0.26305610E+00  0.11606206E+00
 -5.191666  0.29602214E+00  0.15633792E+00
 -5.055609  0.32685708E+00  0.20080909E+00
 -4.919552  0.35874703E+00  0.24961911E+00
 -4.783495  0.38407633E+00  0.30187535E+00
 -4.647438  0.41877001E+00  0.35885191E+00
 -4.511381  0.44316698E+00  0.41914784E+00
 -4.375324  0.47393017E+00  0.48362932E+00
 -4.239267  0.51391233E+00  0.55355065E+00
 -4.103210  0.53130136E+00  0.62583787E+00
 -3.967153  0.59402121E+00  0.70665857E+00
 -3.831096  0.62518624E+00  0.79171948E+00
 -3.695040  0.69755275E+00  0.88662636E+00
 -3.558983  0.82297844E+00  0.99859827E+00
 -3.422926  0.83013139E+00  0.11115434E+01
 -3.286869  0.82018423E+00  0.12231351E+01
 -3.150812  0.78666687E+00  0.13301666E+01
 -3.014755  0.70811055E+00  0.14265099E+01
 -2.878698  0.67178543E+00  0.15179110E+01
 -2.742641  0.66300079E+00  0.16081168E+01
 -2.606584  0.56435233E+00  0.16849009E+01
 -2.470527  0.50106498E+00  0.17530742E+01
 -2.334470  0.55202231E+00  0.18281807E+01
 -2.198413  0.38613259E+00  0.18807167E+01
 -2.062356  0.32264342E+00  0.19246146E+01
 -1.926300  0.35044175E+00  0.19722946E+01
 -1.790243  0.17037005E+00  0.19954746E+01
 -1.654186  0.52764556E-01  0.20026536E+01
 -1.518129  0.17026130E+00  0.20258188E+01
 -1.382072  0.30252255E+00  0.20669791E+01
 -1.246015  0.23566802E+00  0.20990434E+01
 -1.109958  0.38765385E+00  0.21517864E+01
 -0.973901  0.73368107E+00  0.22516088E+01
 -0.837844  0.97744100E+00  0.23845964E+01
 -0.701787  0.13224508E+01  0.25645250E+01
 -0.565730  0.11555778E+01  0.27217493E+01
 -0.429673  0.85139215E+00  0.28375871E+01
 -0.293617  0.66858709E+00  0.29285530E+01
 -0.157560  0.64120779E+00  0.30157938E+01
 -0.021503  0.60726773E+00  0.30984167E+01
  0.114554  0.51068607E+00  0.31678991E+01
  0.250611  0.45032001E+00  0.32291683E+01
  0.386668  0.44669887E+00  0.32899447E+01
  0.522725  0.41639885E+00  0.33465987E+01
  0.658782  0.38851118E+00  0.33994583E+01
  0.794839  0.29683035E+00  0.34398441E+01
  0.930896  0.36950323E+00  0.34901176E+01
  1.066953  0.27237625E+00  0.35271763E+01
  1.203010  0.30668518E+00  0.35689029E+01
  1.339066  0.23597196E+00  0.36010085E+01
  1.475123  0.25834050E+00  0.36361576E+01
  1.611180  0.45854585E+00  0.36985459E+01
  1.747237  0.71295911E+00  0.37955489E+01
  1.883294  0.10602512E+01  0.39398034E+01
  2.019351  0.11456804E+01  0.40956812E+01
  2.155408  0.10422635E+01  0.42374883E+01
  2.291465  0.10614468E+01  0.43819055E+01
  2.427522  0.98253143E+00  0.45155857E+01
  2.563579  0.10414295E+01  0.46572794E+01
  2.699636  0.10890836E+01  0.48054568E+01
  2.835693  0.11043915E+01  0.49557169E+01
  2.971750  0.11976261E+01  0.51186622E+01
  3.107806  0.13389991E+01  0.53008423E+01
  3.243863  0.14585910E+01  0.54992937E+01
  3.379920  0.14709587E+01  0.56994278E+01
  3.515977  0.14601326E+01  0.58980889E+01
  3.652034  0.13787842E+01  0.60856821E+01
  3.788091  0.13855173E+01  0.62741913E+01
  3.924148  0.13280891E+01  0.64548870E+01
  4.060205  0.12881978E+01  0.66301552E+01
  4.196262  0.12656977E+01  0.68023622E+01
  4.332319  0.12268085E+01  0.69692779E+01
  4.468376  0.11874043E+01  0.71308325E+01
  4.604433  0.11645716E+01  0.72892805E+01
  4.740489  0.11054980E+01  0.74396912E+01
  4.876546  0.94922051E+00  0.75688392E+01
  5.012603  0.76712298E+00  0.76732116E+01
  5.148660  0.58730251E+00  0.77531182E+01
  5.284717  0.50806286E+00  0.78222436E+01
  5.420774  0.40612473E+00  0.78774997E+01
  5.556831  0.32615406E+00  0.79218752E+01
  5.692888  0.26264054E+00  0.79576093E+01
  5.828945  0.18294676E+00  0.79825005E+01
  5.965002  0.10185867E+00  0.79963590E+01
  6.101059  0.25034156E-01  0.79997651E+01
  6.237116  0.16750577E-02  0.79999930E+01
  6.373173  0.93410391E-03  0.80001201E+01
  6.509229  0.19176432E-01  0.80027292E+01
  6.645286  0.92927157E-01  0.80153726E+01
  6.781343  0.22247857E+00  0.80456423E+01
  6.917400  0.30437670E+00  0.80870549E+01
  7.053457  0.40353184E+00  0.81419582E+01
  7.189514  0.48372598E+00  0.82077724E+01
  7.325571  0.51939450E+00  0.82784397E+01
  7.461628  0.62276321E+00  0.83631709E+01
  7.597685  0.74935247E+00  0.84651255E+01
  7.733742  0.81480695E+00  0.85759856E+01
  7.869799  0.97653510E+00  0.87088500E+01
  8.005856  0.11541118E+01  0.88658749E+01
  8.141912  0.13487813E+01  0.90493859E+01
  8.277969  0.15327198E+01  0.92579230E+01
  8.414026  0.15286371E+01  0.94659047E+01
  8.550083  0.14732620E+01  0.96663522E+01
  8.686140  0.12735995E+01  0.98396342E+01
  8.822197  0.11327850E+01  0.99937574E+01
  8.958254  0.10838438E+01  0.10141222E+02
  9.094311  0.11940265E+01  0.10303677E+02
  9.230368  0.15523826E+01  0.10514890E+02
  9.366425  0.20387910E+01  0.10792281E+02
  9.502482  0.19064208E+01  0.11051663E+02
  9.638539  0.16868136E+01  0.11281166E+02
  9.774595  0.16011316E+01  0.11499011E+02
  9.910652  0.15872063E+01  0.11714961E+02
 10.046709  0.12962795E+01  0.11891329E+02
 10.182766  0.11949330E+01  0.12053908E+02
 10.318823  0.13301830E+01  0.12234889E+02
 10.454880  0.12370216E+01  0.12403194E+02
 10.590937  0.11708645E+01  0.12562498E+02
 10.726994  0.13582421E+01  0.12747296E+02
 10.863051  0.13944835E+01  0.12937026E+02
 10.999108  0.11374822E+01  0.13091788E+02
 11.135165  0.11333371E+01  0.13245986E+02
 11.271222  0.12380854E+01  0.13414436E+02
 11.407279  0.12149086E+01  0.13579733E+02
 11.543335  0.11390090E+01  0.13734703E+02
 11.679392  0.10940629E+01  0.13883558E+02
 11.815449  0.10388549E+01  0.14024901E+02
 11.951506  0.11729255E+01  0.14184486E+02
 12.087563  0.10110055E+01  0.14322040E+02
 12.223620  0.89980749E+00  0.14444465E+02
 12.359677  0.10457363E+01  0.14586745E+02
 12.495734  0.12699718E+01  0.14759533E+02
 12.631791  0.12624324E+01  0.14931296E+02
 12.767848  0.11102684E+01  0.15082356E+02
 12.903905  0.10680522E+01  0.15227672E+02
 13.039962  0.12376901E+01  0.15396068E+02
 13.176018  0.13477407E+01  0.15579437E+02
 13.312075  0.10037362E+01  0.15716003E+02
 13.448132  0.10233298E+01  0.15855234E+02
 13.584189  0.12062549E+01  0.16019353E+02
 13.720246  0.15788317E+01  0.16234164E+02
 13.856303  0.14051313E+01  0.16425342E+02
 13.992360  0.10992701E+01  0.16574905E+02
 14.128417  0.11080105E+01  0.16725658E+02
 14.264474  0.12918596E+01  0.16901424E+02
 14.400531  0.12573829E+01  0.17072500E+02
 14.536588  0.11169462E+01  0.17224468E+02
 14.672645  0.10948214E+01  0.17373426E+02
 14.808702  0.14168322E+01  0.17566196E+02
 14.944758  0.15579351E+01  0.17778164E+02
 15.080815  0.13336546E+01  0.17959617E+02
 15.216872  0.12789318E+01  0.18133624E+02
 15.352929  0.13457293E+01  0.18316720E+02
 15.488986  0.14776510E+01  0.18517765E+02
 15.625043  0.14409625E+01  0.18713818E+02
 15.761100  0.13072765E+01  0.18891682E+02
 15.897157  0.11609754E+01  0.19049640E+02
 16.033214  0.13240399E+01  0.19229785E+02
 16.169271  0.14224483E+01  0.19423319E+02
 16.305328  0.12609416E+01  0.19594879E+02
 16.441385  0.10685121E+01  0.19740257E+02
 16.577441  0.10742294E+01  0.19886414E+02
 16.713498  0.12880664E+01  0.20061664E+02
 16.849555  0.14475972E+01  0.20258620E+02
 16.985612  0.12304354E+01  0.20426029E+02
 17.121669  0.12325940E+01  0.20593732E+02
 17.257726  0.13273129E+01  0.20774322E+02
 17.393783  0.13307097E+01  0.20955374E+02
 17.529840  0.12481373E+01  0.21125192E+02
 17.665897  0.12207125E+01  0.21291278E+02
 17.801954  0.12134617E+01  0.21456378E+02
 17.938011  0.13944478E+01  0.21646102E+02
 18.074068  0.16201749E+01  0.21866538E+02
 18.210124  0.17757436E+01  0.22108141E+02
 18.346181  0.15306192E+01  0.22316392E+02
 18.482238  0.14988772E+01  0.22520325E+02
 18.618295  0.17022035E+01  0.22751921E+02
 18.754352  0.16898421E+01  0.22981836E+02
 18.890409  0.15024217E+01  0.23186251E+02
 19.026466  0.13571175E+01  0.23370896E+02
 19.162523  0.14745678E+01  0.23571521E+02
 19.298580  0.15104683E+01  0.23777031E+02
 19.434637  0.14606563E+01  0.23975763E+02
 19.570694  0.16634649E+01  0.24202089E+02
 19.706751  0.18540710E+01  0.24454348E+02
 19.842808  0.19244819E+01  0.24716187E+02
 19.978864  0.18499724E+01  0.24967889E+02
 20.114921  0.16334537E+01  0.25190131E+02
 20.250978  0.15442978E+01  0.25400244E+02
 20.387035  0.14095050E+01  0.25592017E+02
 20.523092  0.12760833E+01  0.25765637E+02
 20.659149  0.13280696E+01  0.25946330E+02
 20.795206  0.13145831E+01  0.26125188E+02
 20.931263  0.14497183E+01  0.26322432E+02
 21.067320  0.16585392E+01  0.26548088E+02
 21.203377  0.15796285E+01  0.26763007E+02
 21.339434  0.17443398E+01  0.27000337E+02
 21.475491  0.16313680E+01  0.27222296E+02
 21.611547  0.12668477E+01  0.27394659E+02
 21.747604  0.12335227E+01  0.27562488E+02
 21.883661  0.12970614E+01  0.27738963E+02
 22.019718  0.14519687E+01  0.27936513E+02
 22.155775  0.14598547E+01  0.28135136E+02
 22.291832  0.13270615E+01  0.28315692E+02
 22.427889  0.13277869E+01  0.28496347E+02
 22.563946  0.15690686E+01  0.28709829E+02
 22.700003  0.17257062E+01  0.28944624E+02
 22.836060  0.16645336E+01  0.29171095E+02
 22.972117  0.15952889E+01  0.29388145E+02
 23.108174  0.14447553E+01  0.29584714E+02
 23.244230  0.16022719E+01  0.29802714E+02
 23.380287  0.16761354E+01  0.30030764E+02
 23.516344  0.16059314E+01  0.30249262E+02
 23.652401  0.17523958E+01  0.30487688E+02
 23.788458  0.17371924E+01  0.30724045E+02
 23.924515  0.17523964E+01  0.30962470E+02
 24.060572  0.17690114E+01  0.31203157E+02
 24.196629  0.18733489E+01  0.31458039E+02
 24.332686  0.19653252E+01  0.31725435E+02
 24.468743  0.18203179E+01  0.31973102E+02
 24.604800  0.16363132E+01  0.32195733E+02
 24.740857  0.18939293E+01  0.32453416E+02
 24.876914  0.21160501E+01  0.32741319E+02
