#    Re(w)     Im(w)     Re(chirr)       Im(chirr)      Re (1/chirr)      Im(1/chirr) 
   0.01000   0.10000 -0.8155865E-02 -0.2008288E-04 -0.1226104E+03  0.3019140E+00
   0.04626   0.10000 -0.8168483E-02 -0.9411506E-04 -0.1224055E+03  0.1410323E+01
   0.08253   0.10000 -0.8195286E-02 -0.1715663E-03 -0.1219679E+03  0.2553369E+01
   0.11879   0.10000 -0.8234599E-02 -0.2502814E-03 -0.1213267E+03  0.3687590E+01
   0.15505   0.10000 -0.8292919E-02 -0.3277934E-03 -0.1203967E+03  0.4758909E+01
   0.19131   0.10000 -0.8379010E-02 -0.4129207E-03 -0.1190567E+03  0.5867157E+01
   0.22758   0.10000 -0.8492614E-02 -0.5201827E-03 -0.1173093E+03  0.7185332E+01
   0.26384   0.10000 -0.8626578E-02 -0.6649112E-03 -0.1152362E+03  0.8882068E+01
   0.30010   0.10000 -0.8761376E-02 -0.8647354E-03 -0.1130362E+03  0.1115651E+02
   0.33636   0.10000 -0.8851038E-02 -0.1126102E-02 -0.1111814E+03  0.1414542E+02
   0.37263   0.10000 -0.8830160E-02 -0.1397174E-02 -0.1104822E+03  0.1748132E+02
   0.40889   0.10000 -0.8716167E-02 -0.1542623E-02 -0.1112448E+03  0.1968856E+02
   0.44515   0.10000 -0.8680338E-02 -0.1516706E-02 -0.1117899E+03  0.1953293E+02
   0.48141   0.10000 -0.8823965E-02 -0.1453880E-02 -0.1103325E+03  0.1817892E+02
   0.51768   0.10000 -0.9104224E-02 -0.1465500E-02 -0.1070650E+03  0.1723416E+02
   0.55394   0.10000 -0.9458675E-02 -0.1586006E-02 -0.1028319E+03  0.1724257E+02
   0.59020   0.10000 -0.9843810E-02 -0.1824695E-02 -0.9821211E+02  0.1820506E+02
   0.62646   0.10000 -0.1021937E-01 -0.2189564E-02 -0.9355851E+02  0.2004549E+02
   0.66273   0.10000 -0.1052266E-01 -0.2684296E-02 -0.8922662E+02  0.2276142E+02
   0.69899   0.10000 -0.1065319E-01 -0.3246017E-02 -0.8589408E+02  0.2617185E+02
   0.73525   0.10000 -0.1059934E-01 -0.3686923E-02 -0.8416225E+02  0.2927539E+02
   0.77152   0.10000 -0.1055541E-01 -0.3874564E-02 -0.8348887E+02  0.3064617E+02
   0.80778   0.10000 -0.1074889E-01 -0.3895288E-02 -0.8223342E+02  0.2980055E+02
   0.84404   0.10000 -0.1125453E-01 -0.3961402E-02 -0.7905838E+02  0.2782719E+02
   0.88030   0.10000 -0.1200134E-01 -0.4227862E-02 -0.7412489E+02  0.2611289E+02
   0.91657   0.10000 -0.1290949E-01 -0.4774370E-02 -0.6814209E+02  0.2520126E+02
   0.95283   0.10000 -0.1387969E-01 -0.5664913E-02 -0.6175970E+02  0.2520686E+02
   0.98909   0.10000 -0.1479227E-01 -0.6879490E-02 -0.5558107E+02  0.2584927E+02
   1.02535   0.10000 -0.1566977E-01 -0.8327302E-02 -0.4976337E+02  0.2644548E+02
   1.06162   0.10000 -0.1667989E-01 -0.1015558E-01 -0.4373854E+02  0.2663029E+02
   1.09788   0.10000 -0.1766994E-01 -0.1277125E-01 -0.3717392E+02  0.2686809E+02
   1.13414   0.10000 -0.1814337E-01 -0.1628101E-01 -0.3053138E+02  0.2739743E+02
   1.17040   0.10000 -0.1790419E-01 -0.2060476E-01 -0.2402873E+02  0.2765308E+02
   1.20667   0.10000 -0.1638142E-01 -0.2636516E-01 -0.1700248E+02  0.2736472E+02
   1.24293   0.10000 -0.1112543E-01 -0.3313891E-01 -0.9104560E+01  0.2711941E+02
   1.27919   0.10000 -0.8751336E-03 -0.3661229E-01 -0.6524878E+00  0.2729763E+02
   1.31545   0.10000  0.9599326E-02 -0.3309907E-01  0.8082310E+01  0.2786831E+02
   1.35172   0.10000  0.1522157E-01 -0.2573588E-01  0.1702576E+02  0.2878631E+02
   1.38798   0.10000  0.1643876E-01 -0.1898410E-01  0.2606726E+02  0.3010344E+02
   1.42424   0.10000  0.1566100E-01 -0.1424171E-01  0.3495031E+02  0.3178291E+02
   1.46051   0.10000  0.1443315E-01 -0.1112351E-01  0.4346703E+02  0.3349967E+02
   1.49677   0.10000  0.1328198E-01 -0.8943868E-02  0.5180104E+02  0.3488199E+02
   1.53303   0.10000  0.1225856E-01 -0.7302486E-02  0.6020945E+02  0.3586706E+02
   1.56929   0.10000  0.1134621E-01 -0.5990566E-02  0.6892224E+02  0.3638954E+02
   1.60556   0.10000  0.1047773E-01 -0.4904873E-02  0.7828513E+02  0.3664711E+02
   1.64182   0.10000  0.9632242E-02 -0.4039522E-02  0.8828996E+02  0.3702660E+02
   1.67808   0.10000  0.8837371E-02 -0.3375026E-02  0.9875269E+02  0.3771404E+02
   1.71434   0.10000  0.8116620E-02 -0.2878786E-02  0.1094372E+03  0.3881495E+02
   1.75061   0.10000  0.7489988E-02 -0.2510185E-02  0.1200300E+03  0.4022671E+02
   1.78687   0.10000  0.6959518E-02 -0.2219484E-02  0.1304233E+03  0.4159375E+02
   1.82313   0.10000  0.6501932E-02 -0.1969646E-02  0.1408728E+03  0.4267494E+02
   1.85939   0.10000  0.6092495E-02 -0.1752665E-02  0.1515911E+03  0.4360911E+02
   1.89566   0.10000  0.5726480E-02 -0.1566839E-02  0.1624646E+03  0.4445242E+02
   1.93192   0.10000  0.5397564E-02 -0.1401177E-02  0.1735719E+03  0.4505827E+02
   1.96818   0.10000  0.5096820E-02 -0.1252876E-02  0.1850209E+03  0.4548094E+02
   2.00444   0.10000  0.4819912E-02 -0.1117219E-02  0.1968940E+03  0.4563852E+02
   2.04071   0.10000  0.4555836E-02 -0.9930897E-03  0.2095421E+03  0.4567638E+02
   2.07697   0.10000  0.4301631E-02 -0.8895042E-03  0.2229373E+03  0.4609965E+02
   2.11323   0.10000  0.4064695E-02 -0.8086105E-03  0.2366553E+03  0.4707904E+02
   2.14949   0.10000  0.3848905E-02 -0.7439007E-03  0.2504582E+03  0.4840753E+02
   2.18576   0.10000  0.3651150E-02 -0.6905417E-03  0.2644277E+03  0.5001120E+02
   2.22202   0.10000  0.3470943E-02 -0.6495337E-03  0.2783582E+03  0.5209047E+02
   2.25828   0.10000  0.3313332E-02 -0.6161675E-03  0.2917223E+03  0.5425046E+02
   2.29455   0.10000  0.3174152E-02 -0.5790360E-03  0.3048984E+03  0.5562025E+02
   2.33081   0.10000  0.3041020E-02 -0.5375458E-03  0.3188735E+03  0.5636565E+02
   2.36707   0.10000  0.2910330E-02 -0.4991797E-03  0.3337840E+03  0.5725063E+02
   2.40333   0.10000  0.2784614E-02 -0.4668800E-03  0.3492970E+03  0.5856459E+02
   2.43960   0.10000  0.2664614E-02 -0.4400997E-03  0.3653231E+03  0.6033841E+02
   2.47586   0.10000  0.2550160E-02 -0.4201262E-03  0.3817706E+03  0.6289482E+02
   2.51212   0.10000  0.2443784E-02 -0.4074973E-03  0.3981314E+03  0.6638782E+02
   2.54838   0.10000  0.2347269E-02 -0.4003604E-03  0.4139833E+03  0.7061078E+02
   2.58465   0.10000  0.2261649E-02 -0.3961146E-03  0.4289955E+03  0.7513606E+02
   2.62091   0.10000  0.2185190E-02 -0.3911251E-03  0.4434202E+03  0.7936734E+02
   2.65717   0.10000  0.2114442E-02 -0.3857533E-03  0.4577040E+03  0.8350234E+02
   2.69343   0.10000  0.2049298E-02 -0.3819823E-03  0.4715873E+03  0.8790230E+02
   2.72970   0.10000  0.1992207E-02 -0.3807814E-03  0.4842644E+03  0.9256008E+02
   2.76596   0.10000  0.1947654E-02 -0.3780008E-03  0.4948006E+03  0.9603096E+02
   2.80222   0.10000  0.1912324E-02 -0.3640903E-03  0.5046315E+03  0.9607755E+02
   2.83848   0.10000  0.1874572E-02 -0.3379206E-03  0.5166658E+03  0.9313704E+02
   2.87475   0.10000  0.1828781E-02 -0.3079099E-03  0.5317386E+03  0.8952827E+02
   2.91101   0.10000  0.1777559E-02 -0.2800727E-03  0.5489417E+03  0.8649143E+02
   2.94727   0.10000  0.1723379E-02 -0.2557950E-03  0.5677478E+03  0.8426881E+02
   2.98354   0.10000  0.1667939E-02 -0.2362363E-03  0.5877521E+03  0.8324549E+02
   3.01980   0.10000  0.1613211E-02 -0.2216524E-03  0.6083961E+03  0.8359254E+02
   3.05606   0.10000  0.1560993E-02 -0.2117320E-03  0.6290446E+03  0.8532315E+02
   3.09232   0.10000  0.1513071E-02 -0.2049040E-03  0.6490050E+03  0.8788993E+02
   3.12859   0.10000  0.1469194E-02 -0.1983219E-03  0.6684648E+03  0.9023396E+02
   3.16485   0.10000  0.1426426E-02 -0.1910529E-03  0.6886982E+03  0.9224301E+02
   3.20111   0.10000  0.1383110E-02 -0.1859607E-03  0.7101704E+03  0.9548321E+02
   3.23737   0.10000  0.1341925E-02 -0.1854688E-03  0.7312302E+03  0.1010641E+03
   3.27364   0.10000  0.1306093E-02 -0.1879696E-03  0.7501056E+03  0.1079533E+03
   3.30990   0.10000  0.1276202E-02 -0.1903934E-03  0.7665150E+03  0.1143545E+03
   3.34616   0.10000  0.1250642E-02 -0.1900722E-03  0.7815374E+03  0.1187778E+03
   3.38242   0.10000  0.1226439E-02 -0.1870484E-03  0.7968339E+03  0.1215279E+03
   3.41869   0.10000  0.1203320E-02 -0.1830822E-03  0.8122317E+03  0.1235791E+03
   3.45495   0.10000  0.1182550E-02 -0.1774629E-03  0.8270055E+03  0.1241070E+03
   3.49121   0.10000  0.1162326E-02 -0.1675095E-03  0.8428388E+03  0.1214664E+03
   3.52747   0.10000  0.1138159E-02 -0.1547620E-03  0.8626615E+03  0.1173010E+03
   3.56374   0.10000  0.1109593E-02 -0.1438020E-03  0.8863448E+03  0.1148693E+03
   3.60000   0.10000  0.1079178E-02 -0.1373279E-03  0.9118655E+03  0.1160370E+03
