 &plot nbnd=  12, nks=   176 /
            0.000000  0.000000  0.000000
  -6.232   5.651   5.651   5.651   8.487   8.487   8.487   9.133  13.781  13.781
  13.960  17.437
            0.000000  0.025000  0.000000
  -6.230   5.633   5.640   5.640   8.480   8.501   8.501   9.151  13.759  13.784
  13.972  17.442
            0.000000  0.050000  0.000000
  -6.222   5.579   5.609   5.609   8.460   8.542   8.542   9.203  13.696  13.793
  14.007  17.456
            0.000000  0.075000  0.000000
  -6.209   5.492   5.557   5.557   8.428   8.609   8.609   9.285  13.595  13.809
  14.067  17.477
            0.000000  0.100000  0.000000
  -6.190   5.379   5.490   5.490   8.384   8.699   8.699   9.393  13.465  13.830
  14.148  17.510
            0.000000  0.125000  0.000000
  -6.166   5.243   5.410   5.410   8.330   8.810   8.810   9.520  13.314  13.857
  14.250  17.553
            0.000000  0.150000  0.000000
  -6.136   5.087   5.319   5.319   8.267   8.937   8.937   9.659  13.149  13.891
  14.373  17.605
            0.000000  0.175000  0.000000
  -6.100   4.917   5.220   5.220   8.197   9.080   9.080   9.803  12.980  13.930
  14.513  17.666
            0.000000  0.200000  0.000000
  -6.059   4.736   5.115   5.115   8.119   9.234   9.234   9.945  12.817  13.976
  14.670  17.737
            0.000000  0.225000  0.000000
  -6.013   4.545   5.006   5.006   8.037   9.400   9.400  10.073  12.670  14.028
  14.843  17.817
            0.000000  0.250000  0.000000
  -5.961   4.346   4.895   4.895   7.952   9.574   9.574  10.177  12.553  14.086
  15.029  17.906
            0.000000  0.275000  0.000000
  -5.905   4.141   4.782   4.782   7.861   9.755   9.755  10.241  12.472  14.150
  15.228  18.003
            0.000000  0.300000  0.000000
  -5.843   3.932   4.670   4.670   7.771   9.944   9.944  10.263  12.459  14.220
  15.439  18.109
            0.000000  0.325000  0.000000
  -5.775   3.720   4.558   4.558   7.681  10.138  10.138  10.226  12.501  14.296
  15.659  18.222
            0.000000  0.350000  0.000000
  -5.702   3.505   4.448   4.448   7.591  10.139  10.336  10.336  12.600  14.378
  15.888  18.343
            0.000000  0.375000  0.000000
  -5.625   3.286   4.339   4.339   7.501  10.014  10.536  10.536  12.744  14.462
  16.125  18.464
            0.000000  0.400000  0.000000
  -5.541   3.065   4.232   4.232   7.414   9.861  10.739  10.739  12.922  14.554
  16.369  18.597
            0.000000  0.425000  0.000000
  -5.453   2.844   4.129   4.129   7.329   9.693  10.949  10.949  13.126  14.654
  16.619  18.734
            0.000000  0.450000  0.000000
  -5.358   2.622   4.028   4.028   7.246   9.517  11.164  11.164  13.349  14.761
  16.873  18.881
            0.000000  0.475000  0.000000
  -5.259   2.400   3.931   3.931   7.167   9.334  11.380  11.380  13.584  14.873
  17.130  19.020
            0.000000  0.500000  0.000000
  -5.155   2.177   3.837   3.837   7.092   9.150  11.598  11.598  13.828  14.991
  17.389  19.156
            0.000000  0.525000  0.000000
  -5.046   1.953   3.747   3.747   7.020   8.967  11.818  11.818  14.079  15.115
  17.648  19.284
            0.000000  0.550000  0.000000
  -4.932   1.730   3.661   3.661   6.953   8.787  12.041  12.041  14.335  15.246
  17.905  19.397
            0.000000  0.575000  0.000000
  -4.813   1.507   3.579   3.579   6.890   8.611  12.265  12.265  14.595  15.382
  18.158  19.485
            0.000000  0.600000  0.000000
  -4.686   1.284   3.502   3.502   6.833   8.441  12.491  12.491  14.856  15.524
  18.405  19.545
            0.000000  0.625000  0.000000
  -4.558   1.058   3.428   3.428   6.781   8.277  12.715  12.715  15.119  15.661
  18.641  19.556
            0.000000  0.650000  0.000000
  -4.424   0.837   3.359   3.359   6.733   8.120  12.944  12.944  15.382  15.815
  18.864  19.518
            0.000000  0.675000  0.000000
  -4.284   0.617   3.294   3.294   6.693   7.972  13.179  13.179  15.646  15.979
  19.068  19.452
            0.000000  0.700000  0.000000
  -4.141   0.397   3.234   3.234   6.657   7.829  13.411  13.411  15.908  16.144
  19.249  19.319
            0.000000  0.725000  0.000000
  -3.994   0.178   3.178   3.178   6.626   7.693  13.645  13.645  16.168  16.316
  19.150  19.150
            0.000000  0.750000  0.000000
  -3.842  -0.039   3.128   3.128   6.604   7.565  13.882  13.882  16.428  16.523
  18.956  18.956
            0.000000  0.775000  0.000000
  -3.687  -0.255   3.082   3.082   6.582   7.445  14.117  14.117  16.683  16.706
  18.718  18.718
            0.000000  0.800000  0.000000
  -3.526  -0.469   3.041   3.041   6.570   7.332  14.353  14.353  16.895  16.936
  18.491  18.491
            0.000000  0.825000  0.000000
  -3.362  -0.681   3.004   3.004   6.565   7.228  14.590  14.590  17.090  17.185
  18.256  18.256
            0.000000  0.850000  0.000000
  -3.193  -0.891   2.972   2.972   6.566   7.131  14.826  14.826  17.291  17.430
  18.017  18.017
            0.000000  0.875000  0.000000
  -3.020  -1.099   2.945   2.945   6.574   7.043  15.060  15.060  17.498  17.670
  17.778  17.778
            0.000000  0.900000  0.000000
  -2.844  -1.307   2.923   2.923   6.585   6.963  15.287  15.287  17.537  17.537
  17.710  17.903
            0.000000  0.925000  0.000000
  -2.664  -1.510   2.906   2.906   6.607   6.889  15.507  15.507  17.311  17.311
  17.928  18.131
            0.000000  0.950000  0.000000
  -2.480  -1.710   2.893   2.893   6.636   6.823  15.708  15.708  17.105  17.105
  18.152  18.352
            0.000000  0.975000  0.000000
  -2.292  -1.907   2.886   2.886   6.671   6.765  15.865  15.865  16.946  16.946
  18.382  18.564
            0.000000  1.000000  0.000000
  -2.101  -2.101   2.883   2.883   6.715   6.715  15.929  15.929  16.881  16.881
  18.617  18.617
            0.025000  1.000000  0.000000
  -2.100  -2.100   2.876   2.876   6.729   6.729  15.906  15.906  16.843  16.843
  18.641  18.641
            0.050000  1.000000  0.000000
  -2.098  -2.098   2.853   2.853   6.772   6.772  15.833  15.833  16.752  16.752
  18.670  18.670
            0.075000  1.000000  0.000000
  -2.093  -2.093   2.818   2.818   6.843   6.843  15.701  15.701  16.652  16.652
  18.687  18.687
            0.100000  1.000000  0.000000
  -2.087  -2.087   2.770   2.770   6.939   6.939  15.508  15.508  16.571  16.571
  18.700  18.700
            0.125000  1.000000  0.000000
  -2.080  -2.080   2.713   2.713   7.059   7.059  15.266  15.266  16.516  16.516
  18.714  18.714
            0.150000  1.000000  0.000000
  -2.071  -2.071   2.648   2.648   7.199   7.199  14.987  14.987  16.478  16.478
  18.724  18.724
            0.175000  1.000000  0.000000
  -2.061  -2.061   2.578   2.578   7.359   7.359  14.689  14.689  16.456  16.456
  18.741  18.741
            0.200000  1.000000  0.000000
  -2.051  -2.051   2.506   2.506   7.537   7.537  14.379  14.379  16.442  16.442
  18.756  18.756
            0.225000  1.000000  0.000000
  -2.039  -2.039   2.433   2.433   7.729   7.729  14.065  14.065  16.434  16.434
  18.778  18.778
            0.250000  1.000000  0.000000
  -2.027  -2.027   2.361   2.361   7.936   7.936  13.747  13.747  16.428  16.428
  18.798  18.798
            0.275000  1.000000  0.000000
  -2.015  -2.015   2.291   2.291   8.151   8.151  13.422  13.422  16.420  16.420
  18.819  18.819
            0.300000  1.000000  0.000000
  -2.003  -2.003   2.225   2.225   8.380   8.380  13.100  13.100  16.419  16.419
  18.840  18.840
            0.325000  1.000000  0.000000
  -1.991  -1.991   2.164   2.164   8.618   8.618  12.781  12.781  16.421  16.421
  18.861  18.861
            0.350000  1.000000  0.000000
  -1.981  -1.981   2.109   2.109   8.864   8.864  12.464  12.464  16.421  16.421
  18.880  18.880
            0.375000  1.000000  0.000000
  -1.971  -1.971   2.061   2.061   9.117   9.117  12.151  12.151  16.421  16.421
  18.897  18.897
            0.400000  1.000000  0.000000
  -1.962  -1.962   2.021   2.021   9.374   9.374  11.845  11.845  16.422  16.422
  18.913  18.913
            0.425000  1.000000  0.000000
  -1.956  -1.956   1.989   1.989   9.631   9.631  11.548  11.548  16.420  16.420
  18.923  18.923
            0.450000  1.000000  0.000000
  -1.951  -1.951   1.966   1.966   9.881   9.881  11.269  11.269  16.413  16.413
  18.931  18.931
            0.475000  1.000000  0.000000
  -1.948  -1.948   1.952   1.952  10.098  10.098  11.035  11.035  16.413  16.413
  18.937  18.937
            0.500000  1.000000  0.000000
  -1.948  -1.948   1.946   1.946  10.198  10.198  10.926  10.926  16.413  16.413
  18.928  18.928
            0.525000  1.000000  0.000000
  -1.948  -1.948   1.952   1.952  10.098  10.098  11.035  11.035  16.413  16.413
  18.937  18.937
            0.550000  1.000000  0.000000
  -1.951  -1.951   1.966   1.966   9.881   9.881  11.269  11.269  16.413  16.413
  18.931  18.931
            0.575000  1.000000  0.000000
  -1.956  -1.956   1.989   1.989   9.631   9.631  11.548  11.548  16.420  16.420
  18.923  18.923
            0.600000  1.000000  0.000000
  -1.962  -1.962   2.021   2.021   9.374   9.374  11.845  11.845  16.422  16.422
  18.913  18.913
            0.625000  1.000000  0.000000
  -1.971  -1.971   2.061   2.061   9.117   9.117  12.151  12.151  16.421  16.421
  18.897  18.897
            0.650000  1.000000  0.000000
  -1.981  -1.981   2.109   2.109   8.864   8.864  12.464  12.464  16.421  16.421
  18.880  18.880
            0.675000  1.000000  0.000000
  -1.991  -1.991   2.164   2.164   8.618   8.618  12.781  12.781  16.421  16.421
  18.861  18.861
            0.700000  1.000000  0.000000
  -2.003  -2.003   2.225   2.225   8.380   8.380  13.100  13.100  16.419  16.419
  18.840  18.840
            0.725000  1.000000  0.000000
  -2.015  -2.015   2.291   2.291   8.151   8.151  13.422  13.422  16.420  16.420
  18.819  18.819
            0.750000  1.000000  0.000000
  -2.027  -2.027   2.361   2.361   7.936   7.936  13.747  13.747  16.428  16.428
  18.798  18.798
            0.775000  1.000000  0.000000
  -2.039  -2.039   2.433   2.433   7.729   7.729  14.065  14.065  16.434  16.434
  18.778  18.778
            0.800000  1.000000  0.000000
  -2.051  -2.051   2.506   2.506   7.537   7.537  14.379  14.379  16.442  16.442
  18.756  18.756
            0.825000  1.000000  0.000000
  -2.061  -2.061   2.578   2.578   7.359   7.359  14.689  14.689  16.456  16.456
  18.741  18.741
            0.850000  1.000000  0.000000
  -2.071  -2.071   2.648   2.648   7.199   7.199  14.987  14.987  16.478  16.478
  18.724  18.724
            0.875000  1.000000  0.000000
  -2.080  -2.080   2.713   2.713   7.059   7.059  15.266  15.266  16.516  16.516
  18.714  18.714
            0.900000  1.000000  0.000000
  -2.087  -2.087   2.770   2.770   6.939   6.939  15.508  15.508  16.571  16.571
  18.700  18.700
            0.925000  1.000000  0.000000
  -2.093  -2.093   2.818   2.818   6.843   6.843  15.701  15.701  16.652  16.652
  18.687  18.687
            0.950000  1.000000  0.000000
  -2.098  -2.098   2.853   2.853   6.772   6.772  15.833  15.833  16.752  16.752
  18.670  18.670
            0.975000  1.000000  0.000000
  -2.100  -2.100   2.876   2.876   6.729   6.729  15.906  15.906  16.843  16.843
  18.641  18.641
            1.000000  1.000000  0.000000
  -2.101  -2.101   2.883   2.883   6.715   6.715  15.929  15.929  16.881  16.881
  18.617  18.617
            0.981818  0.981818  0.000000
  -2.102  -2.098   2.865   2.886   6.717   6.743  15.899  15.911  16.831  16.848
  18.648  18.649
            0.963636  0.963636  0.000000
  -2.106  -2.089   2.812   2.893   6.725   6.825  15.815  15.860  16.695  16.758
  18.737  18.739
            0.945455  0.945455  0.000000
  -2.113  -2.073   2.729   2.904   6.739   6.956  15.685  15.779  16.503  16.623
  18.869  18.878
            0.927273  0.927273  0.000000
  -2.123  -2.051   2.623   2.920   6.757   7.131  15.521  15.673  16.278  16.459
  19.016  19.028
            0.909091  0.909091  0.000000
  -2.136  -2.023   2.501   2.940   6.781   7.342  15.332  15.546  16.035  16.276
  19.140  19.205
            0.890909  0.890909  0.000000
  -2.154  -1.989   2.368   2.965   6.810   7.583  15.126  15.403  15.780  16.074
  19.279  19.390
            0.872727  0.872727  0.000000
  -2.177  -1.948   2.232   2.995   6.844   7.849  14.910  15.248  15.523  15.873
  19.429  19.583
            0.854545  0.854545  0.000000
  -2.206  -1.901   2.098   3.029   6.883   8.137  14.688  15.085  15.266  15.668
  19.587  19.778
            0.836364  0.836364  0.000000
  -2.241  -1.850   1.968   3.066   6.925   8.442  14.461  14.914  14.998  15.457
  19.748  19.964
            0.818182  0.818182  0.000000
  -2.283  -1.791   1.847   3.108   6.975   8.765  14.233  14.744  14.746  15.253
  19.915  20.162
            0.800000  0.800000  0.000000
  -2.335  -1.725   1.736   3.154   7.029   9.098  14.002  14.495  14.567  15.039
  20.082  20.355
            0.781818  0.781818  0.000000
  -2.395  -1.652   1.640   3.205   7.089   9.443  13.779  14.261  14.392  14.846
  20.249  20.550
            0.763636  0.763636  0.000000
  -2.465  -1.574   1.558   3.259   7.153   9.797  13.553  14.021  14.213  14.648
  20.409  20.737
            0.745455  0.745455  0.000000
  -2.543  -1.490   1.492   3.317   7.220  10.158  13.329  13.787  14.036  14.454
  20.558  20.920
            0.727273  0.727273  0.000000
  -2.631  -1.400   1.442   3.379   7.292  10.525  13.109  13.560  13.861  14.266
  20.678  21.101
            0.709091  0.709091  0.000000
  -2.729  -1.304   1.410   3.444   7.368  10.891  12.891  13.342  13.686  14.080
  20.726  21.278
            0.690909  0.690909  0.000000
  -2.834  -1.202   1.394   3.513   7.448  11.258  12.678  13.138  13.516  13.902
  20.657  21.352
            0.672727  0.672727  0.000000
  -2.947  -1.092   1.394   3.585   7.533  11.610  12.470  12.965  13.349  13.731
  20.506  21.139
            0.654545  0.654545  0.000000
  -3.066  -0.978   1.410   3.659   7.619  11.912  12.265  12.846  13.184  13.566
  20.318  20.931
            0.636364  0.636364  0.000000
  -3.191  -0.858   1.440   3.736   7.708  12.064  12.066  12.886  13.026  13.408
  20.120  20.728
            0.618182  0.618182  0.000000
  -3.320  -0.731   1.484   3.816   7.800  11.868  12.023  12.873  13.129  13.258
  19.920  20.531
            0.600000  0.600000  0.000000
  -3.452  -0.596   1.542   3.898   7.895  11.678  11.893  12.726  13.118  13.475
  19.723  20.345
            0.581818  0.581818  0.000000
  -3.586  -0.457   1.610   3.981   7.990  11.492  11.729  12.585  12.983  13.852
  19.527  20.166
            0.563636  0.563636  0.000000
  -3.724  -0.313   1.690   4.066   8.085  11.312  11.557  12.452  12.857  14.238
  19.336  19.998
            0.545455  0.545455  0.000000
  -3.860  -0.163   1.780   4.152   8.181  11.135  11.385  12.325  12.740  14.627
  19.145  19.844
            0.527273  0.527273  0.000000
  -3.996  -0.008   1.879   4.239   8.276  10.965  11.214  12.206  12.633  15.009
  18.952  19.685
            0.509091  0.509091  0.000000
  -4.130   0.154   1.987   4.326   8.369  10.799  11.047  12.097  12.535  15.377
  18.748  19.285
            0.490909  0.490909  0.000000
  -4.263   0.322   2.103   4.413   8.459  10.639  10.886  11.997  12.449  15.725
  18.504  18.935
            0.472727  0.472727  0.000000
  -4.394   0.495   2.226   4.500   8.545  10.484  10.728  11.907  12.372  16.037
  18.185  18.669
            0.454545  0.454545  0.000000
  -4.522   0.673   2.356   4.586   8.625  10.335  10.574  11.829  12.307  16.300
  17.811  18.472
            0.436364  0.436364  0.000000
  -4.648   0.857   2.492   4.670   8.699  10.192  10.428  11.762  12.253  16.503
  17.417  18.309
            0.418182  0.418182  0.000000
  -4.770   1.047   2.634   4.753   8.764  10.053  10.285  11.707  12.212  16.633
  17.019  18.164
            0.400000  0.400000  0.000000
  -4.888   1.243   2.782   4.834   8.821   9.923  10.151  11.664  12.187  16.625
  16.693  18.032
            0.381818  0.381818  0.000000
  -5.003   1.442   2.933   4.909   8.866   9.794  10.018  11.629  12.163  16.237
  16.691  17.901
            0.363636  0.363636  0.000000
  -5.113   1.647   3.089   4.984   8.903   9.673   9.890  11.605  12.159  15.861
  16.640  17.790
            0.345455  0.345455  0.000000
  -5.219   1.856   3.248   5.055   8.929   9.558   9.767  11.588  12.167  15.498
  16.551  17.685
            0.327273  0.327273  0.000000
  -5.320   2.070   3.411   5.122   8.946   9.449   9.650  11.573  12.189  15.154
  16.434  17.594
            0.309091  0.309091  0.000000
  -5.416   2.289   3.576   5.186   8.953   9.345   9.538  11.555  12.224  14.832
  16.295  17.511
            0.290909  0.290909  0.000000
  -5.507   2.512   3.743   5.246   8.952   9.251   9.434  11.529  12.282  14.542
  16.139  17.441
            0.272727  0.272727  0.000000
  -5.593   2.739   3.910   5.301   8.945   9.158   9.332  11.483  12.343  14.283
  15.970  17.379
            0.254545  0.254545  0.000000
  -5.675   2.968   4.077   5.351   8.929   9.072   9.233  11.409  12.415  14.060
  15.791  17.327
            0.236364  0.236364  0.000000
  -5.751   3.202   4.244   5.397   8.911   8.992   9.142  11.303  12.499  13.889
  15.606  17.286
            0.218182  0.218182  0.000000
  -5.821   3.440   4.408   5.439   8.891   8.918   9.058  11.159  12.602  13.773
  15.418  17.258
            0.200000  0.200000  0.000000
  -5.886   3.677   4.568   5.475   8.849   8.865   8.976  10.981  12.700  13.690
  15.229  17.239
            0.181818  0.181818  0.000000
  -5.946   3.914   4.725   5.509   8.786   8.838   8.900  10.775  12.813  13.648
  15.043  17.231
            0.163636  0.163636  0.000000
  -6.000   4.151   4.876   5.538   8.729   8.811   8.830  10.550  12.933  13.634
  14.864  17.235
            0.145455  0.145455  0.000000
  -6.049   4.386   5.018   5.563   8.678   8.764   8.782  10.316  13.058  13.640
  14.693  17.247
            0.127273  0.127273  0.000000
  -6.092   4.616   5.152   5.585   8.633   8.704   8.751  10.080  13.186  13.657
  14.535  17.268
            0.109091  0.109091  0.000000
  -6.129   4.838   5.274   5.603   8.594   8.650   8.717   9.852  13.312  13.681
  14.391  17.295
            0.090909  0.090909  0.000000
  -6.161   5.048   5.382   5.618   8.561   8.602   8.679   9.642  13.434  13.706
  14.265  17.326
            0.072727  0.072727  0.000000
  -6.187   5.240   5.475   5.630   8.534   8.562   8.636   9.459  13.546  13.731
  14.158  17.358
            0.054545  0.054545  0.000000
  -6.207   5.406   5.550   5.639   8.513   8.530   8.587   9.314  13.642  13.752
  14.072  17.388
            0.036364  0.036364  0.000000
  -6.222   5.536   5.605   5.646   8.498   8.506   8.539   9.212  13.717  13.768
  14.010  17.412
            0.018182  0.018182  0.000000
  -6.230   5.622   5.639   5.649   8.490   8.491   8.501   9.153  13.765  13.778
  13.972  17.432
            0.000000  0.000000  0.000000
  -6.232   5.651   5.651   5.651   8.487   8.487   8.487   9.133  13.781  13.781
  13.960  17.437
            0.012500  0.012500  0.012500
  -6.230   5.628   5.647   5.647   8.491   8.491   8.493   9.147  13.774  13.774
  13.969  17.428
            0.025000  0.025000  0.025000
  -6.225   5.559   5.638   5.638   8.506   8.506   8.507   9.189  13.754  13.754
  13.996  17.399
            0.037500  0.037500  0.037500
  -6.214   5.453   5.622   5.622   8.522   8.530   8.530   9.263  13.720  13.720
  14.040  17.357
            0.050000  0.050000  0.050000
  -6.200   5.314   5.600   5.600   8.531   8.563   8.563   9.369  13.677  13.677
  14.101  17.300
            0.062500  0.062500  0.062500
  -6.182   5.149   5.573   5.573   8.529   8.604   8.604   9.506  13.624  13.624
  14.178  17.233
            0.075000  0.075000  0.075000
  -6.160   4.965   5.540   5.540   8.516   8.652   8.652   9.667  13.566  13.566
  14.270  17.158
            0.087500  0.087500  0.087500
  -6.134   4.765   5.504   5.504   8.494   8.706   8.706   9.848  13.504  13.504
  14.374  17.079
            0.100000  0.100000  0.100000
  -6.103   4.555   5.465   5.465   8.465   8.765   8.765  10.043  13.440  13.440
  14.489  16.999
            0.112500  0.112500  0.112500
  -6.069   4.337   5.423   5.423   8.429   8.828   8.828  10.249  13.378  13.378
  14.611  16.924
            0.125000  0.125000  0.125000
  -6.030   4.113   5.379   5.379   8.389   8.894   8.894  10.461  13.319  13.319
  14.737  16.857
            0.137500  0.137500  0.137500
  -5.988   3.885   5.334   5.334   8.346   8.961   8.961  10.679  13.265  13.265
  14.861  16.804
            0.150000  0.150000  0.150000
  -5.941   3.655   5.287   5.287   8.300   9.028   9.028  10.901  13.218  13.218
  14.976  16.774
            0.162500  0.162500  0.162500
  -5.891   3.422   5.240   5.240   8.253   9.094   9.094  11.124  13.179  13.179
  15.075  16.774
            0.175000  0.175000  0.175000
  -5.837   3.190   5.193   5.193   8.206   9.157   9.157  11.349  13.153  13.153
  15.148  16.811
            0.187500  0.187500  0.187500
  -5.779   2.957   5.146   5.146   8.157   9.216   9.216  11.573  13.136  13.136
  15.191  16.894
            0.200000  0.200000  0.200000
  -5.717   2.726   5.099   5.099   8.110   9.272   9.272  11.798  13.132  13.132
  15.206  17.025
            0.212500  0.212500  0.212500
  -5.653   2.495   5.053   5.053   8.058   9.320   9.320  12.021  13.139  13.139
  15.195  17.188
            0.225000  0.225000  0.225000
  -5.584   2.266   5.008   5.008   8.009   9.363   9.363  12.243  13.164  13.164
  15.166  17.383
            0.237500  0.237500  0.237500
  -5.512   2.037   4.964   4.964   7.958   9.398   9.398  12.460  13.198  13.198
  15.125  17.603
            0.250000  0.250000  0.250000
  -5.436   1.813   4.922   4.922   7.912   9.428   9.428  12.676  13.254  13.254
  15.080  17.841
            0.262500  0.262500  0.262500
  -5.358   1.592   4.881   4.881   7.867   9.450   9.450  12.886  13.326  13.326
  15.034  18.092
            0.275000  0.275000  0.275000
  -5.277   1.373   4.843   4.843   7.824   9.467   9.467  13.090  13.413  13.413
  14.993  18.352
            0.287500  0.287500  0.287500
  -5.193   1.159   4.805   4.805   7.783   9.476   9.476  13.282  13.516  13.516
  14.963  18.616
            0.300000  0.300000  0.300000
  -5.106   0.949   4.769   4.769   7.743   9.479   9.479  13.459  13.632  13.632
  14.948  18.879
            0.312500  0.312500  0.312500
  -5.016   0.744   4.736   4.736   7.705   9.478   9.478  13.615  13.763  13.763
  14.957  19.135
            0.325000  0.325000  0.325000
  -4.925   0.545   4.704   4.704   7.670   9.472   9.472  13.742  13.907  13.907
  14.996  19.375
            0.337500  0.337500  0.337500
  -4.832   0.350   4.674   4.674   7.636   9.463   9.463  13.835  14.062  14.062
  15.073  19.587
            0.350000  0.350000  0.350000
  -4.738   0.162   4.646   4.646   7.605   9.452   9.452  13.895  14.229  14.229
  15.188  19.757
            0.362500  0.362500  0.362500
  -4.643  -0.020   4.620   4.620   7.576   9.439   9.439  13.925  14.406  14.406
  15.334  19.867
            0.375000  0.375000  0.375000
  -4.550  -0.194   4.597   4.597   7.547   9.424   9.424  13.934  14.591  14.591
  15.503  19.722
            0.387500  0.387500  0.387500
  -4.456  -0.360   4.576   4.576   7.523   9.410   9.410  13.931  14.786  14.786
  15.690  19.446
            0.400000  0.400000  0.400000
  -4.365  -0.516   4.556   4.556   7.502   9.392   9.392  13.920  14.988  14.988
  15.886  19.167
            0.412500  0.412500  0.412500
  -4.276  -0.661   4.539   4.539   7.483   9.379   9.379  13.905  15.211  15.211
  16.088  18.896
            0.425000  0.425000  0.425000
  -4.193  -0.793   4.524   4.524   7.466   9.366   9.366  13.889  15.428  15.428
  16.291  18.620
            0.437500  0.437500  0.437500
  -4.115  -0.910   4.512   4.512   7.452   9.355   9.355  13.875  15.652  15.652
  16.492  18.358
            0.450000  0.450000  0.450000
  -4.049  -1.011   4.502   4.502   7.441   9.345   9.345  13.861  15.876  15.876
  16.682  18.092
            0.462500  0.462500  0.462500
  -3.994  -1.093   4.494   4.494   7.432   9.337   9.337  13.850  16.099  16.099
  16.856  17.835
            0.475000  0.475000  0.475000
  -3.952  -1.154   4.488   4.488   7.419   9.332   9.332  13.842  16.312  16.312
  16.999  17.597
            0.487500  0.487500  0.487500
  -3.926  -1.191   4.485   4.485   7.415   9.328   9.328  13.837  16.491  16.491
  17.099  17.404
            0.500000  0.500000  0.500000
  -3.918  -1.204   4.484   4.484   7.414   9.327   9.327  13.835  16.571  16.571
  17.135  17.319
