#  Re(w)     Im(w)    e11            e22            e33            e12            e13            e23
   0.05000   0.01000  0.1409417E+02  0.1409417E+02  0.1409417E+02  0.2664535E-14 -0.7993606E-14  0.4440892E-14
   0.06566   0.01000  0.1442969E+02  0.1442969E+02  0.1442969E+02 -0.9769963E-14 -0.8881784E-15  0.2664535E-14
   0.08131   0.01000  0.1488672E+02  0.1488672E+02  0.1488672E+02 -0.1776357E-14 -0.1776357E-14 -0.3552714E-14
   0.09697   0.01000  0.1549381E+02  0.1549381E+02  0.1549381E+02  0.6217249E-14 -0.6217249E-14  0.8881784E-15
   0.11263   0.01000  0.1629556E+02  0.1629556E+02  0.1629556E+02  0.2664535E-14  0.8881784E-15  0.4440892E-14
   0.12828   0.01000  0.1736428E+02  0.1736428E+02  0.1736428E+02  0.1776357E-14  0.3552714E-14 -0.3552714E-14
   0.14394   0.01000  0.1882528E+02  0.1882528E+02  0.1882528E+02  0.3552714E-14  0.0000000E+00  0.7105427E-14
   0.15960   0.01000  0.2091775E+02  0.2091775E+02  0.2091775E+02  0.8881784E-14  0.1065814E-13 -0.8881784E-14
   0.17525   0.01000  0.2415391E+02  0.2415391E+02  0.2415391E+02  0.1776357E-14  0.3552714E-14  0.0000000E+00
   0.19091   0.01000  0.2912028E+02  0.2912028E+02  0.2912028E+02 -0.1421085E-13 -0.1776357E-14  0.5329071E-14
   0.20657   0.01000  0.2741349E+02  0.2741349E+02  0.2741349E+02  0.5329071E-14  0.1776357E-14  0.8881784E-14
   0.22222   0.01000  0.2508028E+02  0.2508028E+02  0.2508028E+02  0.1776357E-14 -0.1953993E-13 -0.5329071E-14
   0.23788   0.01000  0.2360761E+02  0.2360761E+02  0.2360761E+02 -0.1776357E-14  0.1776357E-14 -0.1776357E-14
   0.25354   0.01000  0.2074413E+02  0.2074413E+02  0.2074413E+02 -0.1421085E-13 -0.7105427E-14  0.7105427E-14
   0.26919   0.01000  0.1122470E+02  0.1122470E+02  0.1122470E+02 -0.8881784E-14 -0.1776357E-14  0.8881784E-14
   0.28485   0.01000 -0.1398131E+01 -0.1398131E+01 -0.1398131E+01  0.0000000E+00  0.1332268E-14 -0.2220446E-15
   0.30051   0.01000 -0.2250705E+01 -0.2250705E+01 -0.2250705E+01 -0.1554312E-14  0.2442491E-14 -0.8881784E-15
   0.31616   0.01000 -0.1522697E+02 -0.1522697E+02 -0.1522697E+02  0.7105427E-14 -0.5329071E-14  0.5329071E-14
   0.33182   0.01000 -0.1285329E+02 -0.1285329E+02 -0.1285329E+02 -0.1776357E-14 -0.4440892E-14  0.1065814E-13
   0.34747   0.01000 -0.9398212E+01 -0.9398212E+01 -0.9398212E+01 -0.8881784E-15  0.8881784E-15  0.0000000E+00
   0.36313   0.01000 -0.7338090E+01 -0.7338090E+01 -0.7338090E+01  0.0000000E+00  0.1776357E-14  0.3552714E-14
   0.37879   0.01000 -0.5967699E+01 -0.5967699E+01 -0.5967699E+01 -0.1332268E-14 -0.4440892E-15  0.4440892E-15
   0.39444   0.01000 -0.8360148E+01 -0.8360148E+01 -0.8360148E+01  0.2664535E-14  0.7105427E-14 -0.3552714E-14
   0.41010   0.01000 -0.1019747E+02 -0.1019747E+02 -0.1019747E+02  0.6217249E-14  0.8881784E-15  0.0000000E+00
   0.42576   0.01000 -0.8048840E+01 -0.8048840E+01 -0.8048840E+01  0.8881784E-15 -0.8881784E-15  0.8881784E-15
   0.44141   0.01000 -0.7321322E+01 -0.7321322E+01 -0.7321322E+01  0.8881784E-15  0.4440892E-14 -0.7993606E-14
   0.45707   0.01000 -0.6724592E+01 -0.6724592E+01 -0.6724592E+01 -0.5329071E-14 -0.1776357E-14  0.1776357E-14
   0.47273   0.01000 -0.5996617E+01 -0.5996617E+01 -0.5996617E+01 -0.4440892E-15 -0.4440892E-15  0.1776357E-14
   0.48838   0.01000 -0.4872177E+01 -0.4872177E+01 -0.4872177E+01 -0.2220446E-14  0.1776357E-14 -0.2664535E-14
   0.50404   0.01000 -0.4742239E+01 -0.4742239E+01 -0.4742239E+01 -0.1776357E-14  0.1776357E-14  0.0000000E+00
   0.51970   0.01000 -0.5210650E+01 -0.5210650E+01 -0.5210650E+01  0.1332268E-14  0.1332268E-14 -0.1332268E-14
   0.53535   0.01000 -0.4432974E+01 -0.4432974E+01 -0.4432974E+01  0.0000000E+00  0.0000000E+00  0.0000000E+00
   0.55101   0.01000 -0.3730166E+01 -0.3730166E+01 -0.3730166E+01  0.1776357E-14  0.4440892E-15 -0.2220446E-14
   0.56667   0.01000 -0.3991260E+01 -0.3991260E+01 -0.3991260E+01 -0.2220446E-14 -0.3108624E-14  0.2220446E-14
   0.58232   0.01000 -0.3841881E+01 -0.3841881E+01 -0.3841881E+01 -0.2664535E-14 -0.2664535E-14  0.3552714E-14
   0.59798   0.01000 -0.3630260E+01 -0.3630260E+01 -0.3630260E+01  0.4440892E-15  0.4440892E-15 -0.4440892E-15
   0.61364   0.01000 -0.3311141E+01 -0.3311141E+01 -0.3311141E+01 -0.4440892E-15  0.0000000E+00 -0.8881784E-15
   0.62929   0.01000 -0.3206941E+01 -0.3206941E+01 -0.3206941E+01  0.4440892E-15  0.4440892E-15  0.4440892E-15
   0.64495   0.01000 -0.2748477E+01 -0.2748477E+01 -0.2748477E+01  0.1332268E-14 -0.8881784E-15 -0.1776357E-14
   0.66061   0.01000 -0.2418168E+01 -0.2418168E+01 -0.2418168E+01  0.0000000E+00  0.3108624E-14 -0.1776357E-14
   0.67626   0.01000 -0.2317029E+01 -0.2317029E+01 -0.2317029E+01  0.2220446E-15  0.4440892E-15  0.0000000E+00
   0.69192   0.01000 -0.2403686E+01 -0.2403686E+01 -0.2403686E+01  0.6661338E-15  0.2220446E-15 -0.1110223E-14
   0.70758   0.01000 -0.2285221E+01 -0.2285221E+01 -0.2285221E+01  0.6661338E-15 -0.6661338E-15  0.2220446E-15
   0.72323   0.01000 -0.2197963E+01 -0.2197963E+01 -0.2197963E+01 -0.6661338E-15  0.6661338E-15  0.1110223E-14
   0.73889   0.01000 -0.1877777E+01 -0.1877777E+01 -0.1877777E+01  0.1110223E-14  0.6661338E-15 -0.1110223E-14
   0.75455   0.01000 -0.1727902E+01 -0.1727902E+01 -0.1727902E+01  0.0000000E+00 -0.1332268E-14  0.2220446E-15
   0.77020   0.01000 -0.1508167E+01 -0.1508167E+01 -0.1508167E+01 -0.2220446E-15  0.0000000E+00 -0.8881784E-15
   0.78586   0.01000 -0.1345161E+01 -0.1345161E+01 -0.1345161E+01  0.1332268E-14  0.4440892E-15 -0.4440892E-15
   0.80152   0.01000 -0.1363749E+01 -0.1363749E+01 -0.1363749E+01 -0.1554312E-14 -0.6661338E-15  0.6661338E-15
   0.81717   0.01000 -0.1293679E+01 -0.1293679E+01 -0.1293679E+01  0.2220446E-15  0.8881784E-15  0.0000000E+00
   0.83283   0.01000 -0.1322644E+01 -0.1322644E+01 -0.1322644E+01 -0.2220446E-15 -0.4440892E-15 -0.4440892E-15
   0.84848   0.01000 -0.1290639E+01 -0.1290639E+01 -0.1290639E+01 -0.1554312E-14 -0.1110223E-14  0.1554312E-14
   0.86414   0.01000 -0.1108834E+01 -0.1108834E+01 -0.1108834E+01  0.0000000E+00  0.1332268E-14 -0.1332268E-14
   0.87980   0.01000 -0.9220999E+00 -0.9220999E+00 -0.9220999E+00 -0.2220446E-15  0.2220446E-15  0.2220446E-15
   0.89545   0.01000 -0.8265929E+00 -0.8265929E+00 -0.8265929E+00  0.1332268E-14  0.1110223E-14 -0.1110223E-14
   0.91111   0.01000 -0.7252696E+00 -0.7252696E+00 -0.7252696E+00 -0.3330669E-15 -0.3330669E-15  0.3330669E-15
   0.92677   0.01000 -0.7563297E+00 -0.7563297E+00 -0.7563297E+00  0.1221245E-14 -0.1110223E-15 -0.1110223E-15
   0.94242   0.01000 -0.7323117E+00 -0.7323117E+00 -0.7323117E+00  0.1110223E-15  0.1110223E-14  0.1110223E-15
   0.95808   0.01000 -0.6803679E+00 -0.6803679E+00 -0.6803679E+00 -0.2220446E-15  0.4440892E-15  0.3330669E-15
   0.97374   0.01000 -0.6724266E+00 -0.6724266E+00 -0.6724266E+00 -0.5551115E-15  0.0000000E+00  0.1110223E-15
   0.98939   0.01000 -0.5734599E+00 -0.5734599E+00 -0.5734599E+00  0.4440892E-15  0.5551115E-15 -0.5551115E-15
   1.00505   0.01000 -0.4556244E+00 -0.4556244E+00 -0.4556244E+00  0.2220446E-15 -0.2220446E-15  0.0000000E+00
   1.02071   0.01000 -0.4369612E+00 -0.4369612E+00 -0.4369612E+00  0.3330669E-15  0.7771561E-15 -0.3330669E-15
   1.03636   0.01000 -0.3959683E+00 -0.3959683E+00 -0.3959683E+00  0.5551115E-15  0.8881784E-15 -0.4440892E-15
   1.05202   0.01000 -0.3306229E+00 -0.3306229E+00 -0.3306229E+00  0.0000000E+00 -0.4440892E-15  0.2220446E-15
   1.06768   0.01000 -0.3011649E+00 -0.3011649E+00 -0.3011649E+00 -0.1110223E-15 -0.5551115E-15  0.5551115E-15
   1.08333   0.01000 -0.3100995E+00 -0.3100995E+00 -0.3100995E+00 -0.4440892E-15  0.3330669E-15 -0.1110223E-15
   1.09899   0.01000 -0.2727722E+00 -0.2727722E+00 -0.2727722E+00  0.3330669E-15  0.0000000E+00 -0.5551115E-15
   1.11465   0.01000 -0.2114042E+00 -0.2114042E+00 -0.2114042E+00 -0.7771561E-15 -0.6661338E-15  0.7771561E-15
   1.13030   0.01000 -0.2243484E+00 -0.2243484E+00 -0.2243484E+00 -0.4440892E-15 -0.3330669E-15  0.1110223E-15
   1.14596   0.01000 -0.1938194E+00 -0.1938194E+00 -0.1938194E+00  0.1110223E-15 -0.1110223E-15 -0.1110223E-15
   1.16162   0.01000 -0.1301796E+00 -0.1301796E+00 -0.1301796E+00  0.0000000E+00  0.0000000E+00  0.1110223E-15
   1.17727   0.01000 -0.8777104E-01 -0.8777104E-01 -0.8777104E-01  0.5551115E-15  0.1110223E-15 -0.4440892E-15
   1.19293   0.01000 -0.4536772E-01 -0.4536772E-01 -0.4536772E-01 -0.3330669E-15 -0.3330669E-15  0.5551115E-15
   1.20859   0.01000 -0.2286926E-01 -0.2286926E-01 -0.2286926E-01 -0.3330669E-15  0.0000000E+00  0.0000000E+00
   1.22424   0.01000 -0.4692849E-02 -0.4692849E-02 -0.4692849E-02  0.3330669E-15  0.3330669E-15 -0.1110223E-15
   1.23990   0.01000 -0.1397756E-02 -0.1397756E-02 -0.1397756E-02  0.3330669E-15  0.0000000E+00  0.4440892E-15
   1.25556   0.01000  0.2062642E-01  0.2062642E-01  0.2062642E-01 -0.3885781E-15 -0.5551115E-16  0.5551115E-16
   1.27121   0.01000  0.5935046E-01  0.5935046E-01  0.5935046E-01  0.2775558E-15 -0.1665335E-15 -0.5551115E-16
   1.28687   0.01000  0.9583154E-01  0.9583154E-01  0.9583154E-01  0.2775558E-15  0.2775558E-15 -0.1665335E-15
   1.30253   0.01000  0.1033413E+00  0.1033413E+00  0.1033413E+00 -0.4440892E-15 -0.4996004E-15  0.3330669E-15
   1.31818   0.01000  0.1362920E+00  0.1362920E+00  0.1362920E+00 -0.3885781E-15 -0.5551115E-16  0.0000000E+00
   1.33384   0.01000  0.1673150E+00  0.1673150E+00  0.1673150E+00  0.5551115E-15  0.5551115E-16 -0.1665335E-15
   1.34949   0.01000  0.1910881E+00  0.1910881E+00  0.1910881E+00 -0.3330669E-15  0.2220446E-15  0.3330669E-15
   1.36515   0.01000  0.2212105E+00  0.2212105E+00  0.2212105E+00 -0.1665335E-15  0.1665335E-15 -0.1665335E-15
   1.38081   0.01000  0.2297166E+00  0.2297166E+00  0.2297166E+00  0.0000000E+00 -0.1110223E-15 -0.1110223E-15
   1.39646   0.01000  0.2535465E+00  0.2535465E+00  0.2535465E+00  0.2775558E-15  0.5551115E-16 -0.5551115E-16
   1.41212   0.01000  0.2670656E+00  0.2670656E+00  0.2670656E+00  0.3885781E-15  0.1665335E-15 -0.5551115E-16
   1.42778   0.01000  0.2889132E+00  0.2889132E+00  0.2889132E+00  0.4440892E-15 -0.6106227E-15 -0.2220446E-15
   1.44343   0.01000  0.2995399E+00  0.2995399E+00  0.2995399E+00 -0.5551115E-15 -0.2775558E-15  0.3885781E-15
   1.45909   0.01000  0.3226193E+00  0.3226193E+00  0.3226193E+00  0.2775558E-15  0.1665335E-15 -0.2775558E-15
   1.47475   0.01000  0.3392620E+00  0.3392620E+00  0.3392620E+00  0.2775558E-15  0.1665335E-15 -0.2775558E-15
   1.49040   0.01000  0.3558765E+00  0.3558765E+00  0.3558765E+00  0.5551115E-16  0.5551115E-16  0.5551115E-16
   1.50606   0.01000  0.3727642E+00  0.3727642E+00  0.3727642E+00 -0.5551115E-16 -0.1665335E-15  0.2775558E-15
   1.52172   0.01000  0.3742013E+00  0.3742013E+00  0.3742013E+00 -0.1665335E-15 -0.1665335E-15  0.5551115E-16
   1.53737   0.01000  0.3921604E+00  0.3921604E+00  0.3921604E+00  0.5551115E-16  0.1110223E-15 -0.1110223E-15
   1.55303   0.01000  0.4019386E+00  0.4019386E+00  0.4019386E+00  0.0000000E+00 -0.2220446E-15  0.0000000E+00
   1.56869   0.01000  0.4127493E+00  0.4127493E+00  0.4127493E+00 -0.2220446E-15 -0.5551115E-16  0.2775558E-15
   1.58434   0.01000  0.4268428E+00  0.4268428E+00  0.4268428E+00 -0.1665335E-15 -0.1665335E-15  0.5551115E-16
   1.60000   0.01000  0.4434633E+00  0.4434633E+00  0.4434633E+00 -0.3885781E-15 -0.2220446E-15 -0.5551115E-16
