#  Re(w)     Im(w)    e11            e22            e33            e12            e13            e23
   0.05000   0.01000  0.1811606E+00  0.1811606E+00  0.1811606E+00 -0.2775558E-16  0.8326673E-16  0.1110223E-15
   0.06566   0.01000  0.2527022E+00  0.2527022E+00  0.2527022E+00  0.8326673E-16  0.8326673E-16 -0.8326673E-16
   0.08131   0.01000  0.3392289E+00  0.3392289E+00  0.3392289E+00  0.8326673E-16  0.1387779E-15 -0.1387779E-15
   0.09697   0.01000  0.4490114E+00  0.4490114E+00  0.4490114E+00 -0.8326673E-16 -0.8326673E-16  0.1942890E-15
   0.11263   0.01000  0.5959522E+00  0.5959522E+00  0.5959522E+00 -0.1665335E-15 -0.5551115E-16  0.2775558E-15
   0.12828   0.01000  0.8057917E+00  0.8057917E+00  0.8057917E+00  0.5551115E-16 -0.1665335E-15  0.3885781E-15
   0.14394   0.01000  0.1132604E+01  0.1132604E+01  0.1132604E+01 -0.6661338E-15 -0.3330669E-15  0.1110223E-15
   0.15960   0.01000  0.1713135E+01  0.1713135E+01  0.1713135E+01 -0.9992007E-15  0.1110223E-15  0.3330669E-15
   0.17525   0.01000  0.3014997E+01  0.3014997E+01  0.3014997E+01  0.1776357E-14  0.2442491E-14  0.0000000E+00
   0.19091   0.01000  0.7560199E+01  0.7560199E+01  0.7560199E+01  0.4440892E-14 -0.4440892E-15 -0.1332268E-14
   0.20657   0.01000  0.1593176E+02  0.1593176E+02  0.1593176E+02 -0.1776357E-14 -0.4440892E-14  0.6217249E-14
   0.22222   0.01000  0.1948109E+02  0.1948109E+02  0.1948109E+02  0.3552714E-14  0.7105427E-14 -0.1065814E-13
   0.23788   0.01000  0.2368843E+02  0.2368843E+02  0.2368843E+02  0.0000000E+00  0.1065814E-13  0.3552714E-14
   0.25354   0.01000  0.3021803E+02  0.3021803E+02  0.3021803E+02 -0.3019807E-13 -0.1953993E-13  0.2309264E-13
   0.26919   0.01000  0.4029872E+02  0.4029872E+02  0.4029872E+02 -0.1065814E-13 -0.7105427E-14  0.1065814E-13
   0.28485   0.01000  0.3110497E+02  0.3110497E+02  0.3110497E+02 -0.1776357E-14 -0.5329071E-14  0.8881784E-14
   0.30051   0.01000  0.3345414E+02  0.3345414E+02  0.3345414E+02 -0.1421085E-13 -0.7105427E-14  0.0000000E+00
   0.31616   0.01000  0.2511762E+02  0.2511762E+02  0.2511762E+02 -0.5329071E-14 -0.5329071E-14  0.1598721E-13
   0.33182   0.01000  0.1611302E+02  0.1611302E+02  0.1611302E+02  0.1243450E-13  0.7105427E-14  0.0000000E+00
   0.34747   0.01000  0.1147364E+02  0.1147364E+02  0.1147364E+02  0.0000000E+00  0.7105427E-14 -0.3552714E-14
   0.36313   0.01000  0.1073021E+02  0.1073021E+02  0.1073021E+02 -0.6217249E-14 -0.2664535E-14  0.4440892E-14
   0.37879   0.01000  0.1200811E+02  0.1200811E+02  0.1200811E+02  0.6217249E-14  0.8881784E-15 -0.6217249E-14
   0.39444   0.01000  0.1272236E+02  0.1272236E+02  0.1272236E+02  0.3552714E-14  0.7993606E-14 -0.6217249E-14
   0.41010   0.01000  0.8245625E+01  0.8245625E+01  0.8245625E+01 -0.8881784E-15 -0.8881784E-15 -0.8881784E-15
   0.42576   0.01000  0.5937201E+01  0.5937201E+01  0.5937201E+01 -0.1332268E-14 -0.2220446E-14 -0.4440892E-15
   0.44141   0.01000  0.5697322E+01  0.5697322E+01  0.5697322E+01 -0.1776357E-14 -0.2664535E-14  0.1332268E-14
   0.45707   0.01000  0.4767190E+01  0.4767190E+01  0.4767190E+01 -0.3996803E-14 -0.2220446E-14  0.2220446E-14
   0.47273   0.01000  0.3908137E+01  0.3908137E+01  0.3908137E+01 -0.1998401E-14 -0.2220446E-15  0.4440892E-15
   0.48838   0.01000  0.3758642E+01  0.3758642E+01  0.3758642E+01 -0.1554312E-14  0.2442491E-14 -0.1998401E-14
   0.50404   0.01000  0.4336817E+01  0.4336817E+01  0.4336817E+01 -0.4440892E-15 -0.1776357E-14  0.1776357E-14
   0.51970   0.01000  0.3196774E+01  0.3196774E+01  0.3196774E+01  0.0000000E+00 -0.1554312E-14 -0.6661338E-15
   0.53535   0.01000  0.2642900E+01  0.2642900E+01  0.2642900E+01 -0.6661338E-15  0.6661338E-15  0.4440892E-15
   0.55101   0.01000  0.2647542E+01  0.2647542E+01  0.2647542E+01 -0.2442491E-14 -0.2220446E-14  0.1554312E-14
   0.56667   0.01000  0.2948855E+01  0.2948855E+01  0.2948855E+01  0.1554312E-14 -0.2220446E-15 -0.6661338E-15
   0.58232   0.01000  0.2260525E+01  0.2260525E+01  0.2260525E+01  0.1554312E-14  0.1110223E-14 -0.6661338E-15
   0.59798   0.01000  0.2003885E+01  0.2003885E+01  0.2003885E+01 -0.2220446E-15 -0.2220446E-15  0.6661338E-15
   0.61364   0.01000  0.1781803E+01  0.1781803E+01  0.1781803E+01  0.7771561E-15  0.9992007E-15 -0.3330669E-15
   0.62929   0.01000  0.1414137E+01  0.1414137E+01  0.1414137E+01 -0.4440892E-15 -0.6661338E-15  0.5551115E-15
   0.64495   0.01000  0.1231912E+01  0.1231912E+01  0.1231912E+01  0.1110223E-15 -0.1110223E-15 -0.1110223E-15
   0.66061   0.01000  0.1306905E+01  0.1306905E+01  0.1306905E+01  0.6661338E-15  0.4440892E-15 -0.2220446E-15
   0.67626   0.01000  0.1410247E+01  0.1410247E+01  0.1410247E+01 -0.7771561E-15  0.1110223E-15  0.3330669E-15
   0.69192   0.01000  0.1275578E+01  0.1275578E+01  0.1275578E+01 -0.4440892E-15 -0.3330669E-15  0.3330669E-15
   0.70758   0.01000  0.1112190E+01  0.1112190E+01  0.1112190E+01  0.5551115E-15  0.3330669E-15 -0.5551115E-15
   0.72323   0.01000  0.8661514E+00  0.8661514E+00  0.8661514E+00 -0.5551115E-16  0.4996004E-15 -0.3885781E-15
   0.73889   0.01000  0.7118711E+00  0.7118711E+00  0.7118711E+00 -0.6106227E-15 -0.2775558E-15  0.3885781E-15
   0.75455   0.01000  0.7210327E+00  0.7210327E+00  0.7210327E+00  0.1110223E-15 -0.1110223E-15 -0.1110223E-15
   0.77020   0.01000  0.6226743E+00  0.6226743E+00  0.6226743E+00  0.5551115E-16  0.0000000E+00 -0.2220446E-15
   0.78586   0.01000  0.7219059E+00  0.7219059E+00  0.7219059E+00 -0.1665335E-15  0.3885781E-15 -0.5551115E-16
   0.80152   0.01000  0.7509163E+00  0.7509163E+00  0.7509163E+00 -0.3330669E-15  0.1110223E-15  0.2220446E-15
   0.81717   0.01000  0.6882174E+00  0.6882174E+00  0.6882174E+00  0.0000000E+00  0.0000000E+00  0.1110223E-15
   0.83283   0.01000  0.7034301E+00  0.7034301E+00  0.7034301E+00 -0.3330669E-15 -0.4440892E-15  0.3330669E-15
   0.84848   0.01000  0.4818912E+00  0.4818912E+00  0.4818912E+00  0.2220446E-15  0.0000000E+00 -0.2220446E-15
   0.86414   0.01000  0.3548985E+00  0.3548985E+00  0.3548985E+00 -0.8326673E-16  0.1387779E-15  0.2775558E-16
   0.87980   0.01000  0.3777767E+00  0.3777767E+00  0.3777767E+00 -0.1942890E-15 -0.2775558E-16 -0.5551115E-16
   0.89545   0.01000  0.3802697E+00  0.3802697E+00  0.3802697E+00  0.1665335E-15  0.1110223E-15 -0.5551115E-16
   0.91111   0.01000  0.4417069E+00  0.4417069E+00  0.4417069E+00 -0.1110223E-15  0.1942890E-15 -0.2775558E-16
   0.92677   0.01000  0.4659874E+00  0.4659874E+00  0.4659874E+00  0.1110223E-15 -0.1665335E-15 -0.1110223E-15
   0.94242   0.01000  0.4247785E+00  0.4247785E+00  0.4247785E+00  0.1387779E-15 -0.1942890E-15 -0.1387779E-15
   0.95808   0.01000  0.3832369E+00  0.3832369E+00  0.3832369E+00  0.1387779E-15  0.1387779E-15 -0.8326673E-16
   0.97374   0.01000  0.3376084E+00  0.3376084E+00  0.3376084E+00  0.1110223E-15 -0.8326673E-16 -0.1110223E-15
   0.98939   0.01000  0.2467954E+00  0.2467954E+00  0.2467954E+00 -0.2775558E-16  0.1110223E-15  0.0000000E+00
   1.00505   0.01000  0.2683387E+00  0.2683387E+00  0.2683387E+00 -0.1665335E-15 -0.1110223E-15  0.8326673E-16
   1.02071   0.01000  0.2863285E+00  0.2863285E+00  0.2863285E+00 -0.1387779E-15 -0.2775558E-16  0.2775558E-16
   1.03636   0.01000  0.2614755E+00  0.2614755E+00  0.2614755E+00  0.8326673E-16 -0.8326673E-16  0.8326673E-16
   1.05202   0.01000  0.2537404E+00  0.2537404E+00  0.2537404E+00  0.8326673E-16  0.2775558E-16 -0.8326673E-16
   1.06768   0.01000  0.2873793E+00  0.2873793E+00  0.2873793E+00  0.1110223E-15  0.8326673E-16 -0.1942890E-15
   1.08333   0.01000  0.2706268E+00  0.2706268E+00  0.2706268E+00 -0.5551115E-16  0.5551115E-16 -0.5551115E-16
   1.09899   0.01000  0.2136496E+00  0.2136496E+00  0.2136496E+00 -0.2775558E-16  0.5551115E-16  0.2775558E-16
   1.11465   0.01000  0.2157400E+00  0.2157400E+00  0.2157400E+00 -0.2359224E-15 -0.5551115E-16  0.8326673E-16
   1.13030   0.01000  0.2296080E+00  0.2296080E+00  0.2296080E+00  0.5551115E-16 -0.5551115E-16  0.0000000E+00
   1.14596   0.01000  0.1634991E+00  0.1634991E+00  0.1634991E+00  0.2775558E-16  0.2775558E-16 -0.2775558E-16
   1.16162   0.01000  0.1444997E+00  0.1444997E+00  0.1444997E+00  0.5551115E-16  0.9714451E-16 -0.4163336E-16
   1.17727   0.01000  0.1401358E+00  0.1401358E+00  0.1401358E+00  0.5551115E-16  0.8326673E-16 -0.2775558E-16
   1.19293   0.01000  0.1409830E+00  0.1409830E+00  0.1409830E+00 -0.4163336E-16 -0.1387779E-16  0.1387779E-16
   1.20859   0.01000  0.1544336E+00  0.1544336E+00  0.1544336E+00 -0.4163336E-16 -0.5551115E-16  0.2775558E-16
   1.22424   0.01000  0.1511852E+00  0.1511852E+00  0.1511852E+00 -0.8326673E-16 -0.8326673E-16  0.8326673E-16
   1.23990   0.01000  0.1373322E+00  0.1373322E+00  0.1373322E+00  0.0000000E+00 -0.4163336E-16  0.1387779E-16
   1.25556   0.01000  0.1125525E+00  0.1125525E+00  0.1125525E+00  0.4857226E-16 -0.3469447E-16 -0.1387779E-16
   1.27121   0.01000  0.9363440E-01  0.9363440E-01  0.9363440E-01 -0.3469447E-16  0.2081668E-16  0.6938894E-17
   1.28687   0.01000  0.9198309E-01  0.9198309E-01  0.9198309E-01  0.6245005E-16  0.2081668E-16 -0.6938894E-17
   1.30253   0.01000  0.9378908E-01  0.9378908E-01  0.9378908E-01 -0.5551115E-16 -0.2775558E-16  0.6938894E-16
   1.31818   0.01000  0.7075111E-01  0.7075111E-01  0.7075111E-01 -0.2081668E-16  0.0000000E+00  0.0000000E+00
   1.33384   0.01000  0.7221469E-01  0.7221469E-01  0.7221469E-01  0.5551115E-16  0.5551115E-16 -0.5551115E-16
   1.34949   0.01000  0.6302793E-01  0.6302793E-01  0.6302793E-01 -0.5551115E-16 -0.3469447E-16  0.4163336E-16
   1.36515   0.01000  0.7134900E-01  0.7134900E-01  0.7134900E-01 -0.1387779E-16 -0.4163336E-16  0.4163336E-16
   1.38081   0.01000  0.6930762E-01  0.6930762E-01  0.6930762E-01 -0.2775558E-16  0.6938894E-17 -0.6938894E-17
   1.39646   0.01000  0.6747098E-01  0.6747098E-01  0.6747098E-01  0.7632783E-16  0.3469447E-16 -0.2775558E-16
   1.41212   0.01000  0.5820497E-01  0.5820497E-01  0.5820497E-01  0.4163336E-16  0.1387779E-16 -0.4163336E-16
   1.42778   0.01000  0.6360035E-01  0.6360035E-01  0.6360035E-01  0.2081668E-16  0.2081668E-16 -0.2081668E-16
   1.44343   0.01000  0.5788525E-01  0.5788525E-01  0.5788525E-01 -0.4510281E-16  0.3122502E-16 -0.3469447E-17
   1.45909   0.01000  0.5026897E-01  0.5026897E-01  0.5026897E-01  0.1734723E-16  0.1387779E-16  0.6938894E-17
   1.47475   0.01000  0.5304626E-01  0.5304626E-01  0.5304626E-01 -0.1734723E-16 -0.1040834E-16 -0.1040834E-16
   1.49040   0.01000  0.5233676E-01  0.5233676E-01  0.5233676E-01  0.3469447E-17 -0.1040834E-16  0.1734723E-16
   1.50606   0.01000  0.5635062E-01  0.5635062E-01  0.5635062E-01  0.2775558E-16 -0.2081668E-16  0.0000000E+00
   1.52172   0.01000  0.5480646E-01  0.5480646E-01  0.5480646E-01  0.0000000E+00 -0.6938894E-17 -0.6938894E-17
   1.53737   0.01000  0.4863871E-01  0.4863871E-01  0.4863871E-01  0.1734723E-16  0.3469447E-17 -0.1040834E-16
   1.55303   0.01000  0.5015071E-01  0.5015071E-01  0.5015071E-01 -0.1040834E-16  0.1734723E-16 -0.1734723E-16
   1.56869   0.01000  0.4357139E-01  0.4357139E-01  0.4357139E-01 -0.3469447E-17 -0.3469447E-17 -0.3469447E-17
   1.58434   0.01000  0.3882773E-01  0.3882773E-01  0.3882773E-01 -0.2081668E-16 -0.3122502E-16  0.2775558E-16
   1.60000   0.01000  0.3980860E-01  0.3980860E-01  0.3980860E-01 -0.6938894E-17 -0.1040834E-16  0.3469447E-17
