#  Re(w)     Im(w)  em111          em122          em133          em112          em113          em123
   0.05000   0.01000 -0.9118282E-03 -0.9118282E-03 -0.9118282E-03  0.0000000E+00  0.0000000E+00  0.0000000E+00
   0.06566   0.01000 -0.1213282E-02 -0.1213282E-02 -0.1213282E-02  0.0000000E+00  0.0000000E+00  0.0000000E+00
   0.08131   0.01000 -0.1529923E-02 -0.1529923E-02 -0.1529923E-02  0.0000000E+00  0.0000000E+00  0.0000000E+00
   0.09697   0.01000 -0.1868858E-02 -0.1868858E-02 -0.1868858E-02  0.0000000E+00  0.0000000E+00  0.0000000E+00
   0.11263   0.01000 -0.2241260E-02 -0.2241260E-02 -0.2241260E-02  0.0000000E+00  0.0000000E+00  0.0000000E+00
   0.12828   0.01000 -0.2666704E-02 -0.2666704E-02 -0.2666704E-02  0.0000000E+00  0.0000000E+00  0.0000000E+00
   0.14394   0.01000 -0.3184389E-02 -0.3184389E-02 -0.3184389E-02  0.0000000E+00  0.0000000E+00  0.0000000E+00
   0.15960   0.01000 -0.3889181E-02 -0.3889181E-02 -0.3889181E-02  0.0000000E+00  0.0000000E+00  0.0000000E+00
   0.17525   0.01000 -0.5088589E-02 -0.5088589E-02 -0.5088589E-02  0.0000000E+00  0.0000000E+00  0.0000000E+00
   0.19091   0.01000 -0.8352452E-02 -0.8352452E-02 -0.8352452E-02  0.0000000E+00  0.0000000E+00  0.0000000E+00
   0.20657   0.01000 -0.1584744E-01 -0.1584744E-01 -0.1584744E-01  0.0000000E+00  0.0000000E+00  0.0000000E+00
   0.22222   0.01000 -0.1931625E-01 -0.1931625E-01 -0.1931625E-01  0.0000000E+00  0.0000000E+00  0.0000000E+00
   0.23788   0.01000 -0.2117949E-01 -0.2117949E-01 -0.2117949E-01  0.0000000E+00  0.0000000E+00  0.0000000E+00
   0.25354   0.01000 -0.2249288E-01 -0.2249288E-01 -0.2249288E-01  0.0000000E+00  0.0000000E+00  0.0000000E+00
   0.26919   0.01000 -0.2302809E-01 -0.2302809E-01 -0.2302809E-01  0.0000000E+00  0.0000000E+00  0.0000000E+00
   0.28485   0.01000 -0.3208438E-01 -0.3208438E-01 -0.3208438E-01  0.0000000E+00  0.0000000E+00  0.0000000E+00
   0.30051   0.01000 -0.2975698E-01 -0.2975698E-01 -0.2975698E-01  0.0000000E+00  0.0000000E+00  0.0000000E+00
   0.31616   0.01000 -0.2911325E-01 -0.2911325E-01 -0.2911325E-01  0.0000000E+00  0.0000000E+00  0.0000000E+00
   0.33182   0.01000 -0.3792758E-01 -0.3792758E-01 -0.3792758E-01  0.0000000E+00  0.0000000E+00  0.0000000E+00
   0.34747   0.01000 -0.5215983E-01 -0.5215983E-01 -0.5215983E-01  0.0000000E+00  0.0000000E+00  0.0000000E+00
   0.36313   0.01000 -0.6349802E-01 -0.6349802E-01 -0.6349802E-01  0.0000000E+00  0.0000000E+00  0.0000000E+00
   0.37879   0.01000 -0.6678292E-01 -0.6678292E-01 -0.6678292E-01  0.0000000E+00  0.0000000E+00  0.0000000E+00
   0.39444   0.01000 -0.5489679E-01 -0.5489679E-01 -0.5489679E-01  0.0000000E+00  0.0000000E+00  0.0000000E+00
   0.41010   0.01000 -0.4794559E-01 -0.4794559E-01 -0.4794559E-01  0.0000000E+00  0.0000000E+00  0.0000000E+00
   0.42576   0.01000 -0.5935173E-01 -0.5935173E-01 -0.5935173E-01  0.0000000E+00  0.0000000E+00  0.0000000E+00
   0.44141   0.01000 -0.6620079E-01 -0.6620079E-01 -0.6620079E-01  0.0000000E+00  0.0000000E+00  0.0000000E+00
   0.45707   0.01000 -0.7016121E-01 -0.7016121E-01 -0.7016121E-01  0.0000000E+00  0.0000000E+00  0.0000000E+00
   0.47273   0.01000 -0.7628171E-01 -0.7628171E-01 -0.7628171E-01  0.0000000E+00  0.0000000E+00  0.0000000E+00
   0.48838   0.01000 -0.9926297E-01 -0.9926297E-01 -0.9926297E-01  0.0000000E+00  0.0000000E+00  0.0000000E+00
   0.50404   0.01000 -0.1050158E+00 -0.1050158E+00 -0.1050158E+00  0.0000000E+00  0.0000000E+00  0.0000000E+00
   0.51970   0.01000 -0.8554332E-01 -0.8554332E-01 -0.8554332E-01  0.0000000E+00  0.0000000E+00  0.0000000E+00
   0.53535   0.01000 -0.9922220E-01 -0.9922220E-01 -0.9922220E-01  0.0000000E+00  0.0000000E+00  0.0000000E+00
   0.55101   0.01000 -0.1265337E+00 -0.1265337E+00 -0.1265337E+00  0.0000000E+00  0.0000000E+00  0.0000000E+00
   0.56667   0.01000 -0.1197461E+00 -0.1197461E+00 -0.1197461E+00  0.0000000E+00  0.0000000E+00  0.0000000E+00
   0.58232   0.01000 -0.1137656E+00 -0.1137656E+00 -0.1137656E+00  0.0000000E+00  0.0000000E+00  0.0000000E+00
   0.59798   0.01000 -0.1165433E+00 -0.1165433E+00 -0.1165433E+00  0.0000000E+00  0.0000000E+00  0.0000000E+00
   0.61364   0.01000 -0.1260251E+00 -0.1260251E+00 -0.1260251E+00  0.0000000E+00  0.0000000E+00  0.0000000E+00
   0.62929   0.01000 -0.1151179E+00 -0.1151179E+00 -0.1151179E+00  0.0000000E+00  0.0000000E+00  0.0000000E+00
   0.64495   0.01000 -0.1357967E+00 -0.1357967E+00 -0.1357967E+00  0.0000000E+00  0.0000000E+00  0.0000000E+00
   0.66061   0.01000 -0.1729731E+00 -0.1729731E+00 -0.1729731E+00  0.0000000E+00  0.0000000E+00  0.0000000E+00
   0.67626   0.01000 -0.1916768E+00 -0.1916768E+00 -0.1916768E+00  0.0000000E+00  0.0000000E+00  0.0000000E+00
   0.69192   0.01000 -0.1722635E+00 -0.1722635E+00 -0.1722635E+00  0.0000000E+00  0.0000000E+00  0.0000000E+00
   0.70758   0.01000 -0.1721869E+00 -0.1721869E+00 -0.1721869E+00  0.0000000E+00  0.0000000E+00  0.0000000E+00
   0.72323   0.01000 -0.1551892E+00 -0.1551892E+00 -0.1551892E+00  0.0000000E+00  0.0000000E+00  0.0000000E+00
   0.73889   0.01000 -0.1765200E+00 -0.1765200E+00 -0.1765200E+00  0.0000000E+00  0.0000000E+00  0.0000000E+00
   0.75455   0.01000 -0.2056842E+00 -0.2056842E+00 -0.2056842E+00  0.0000000E+00  0.0000000E+00  0.0000000E+00
   0.77020   0.01000 -0.2338866E+00 -0.2338866E+00 -0.2338866E+00  0.0000000E+00  0.0000000E+00  0.0000000E+00
   0.78586   0.01000 -0.3097503E+00 -0.3097503E+00 -0.3097503E+00  0.0000000E+00  0.0000000E+00  0.0000000E+00
   0.80152   0.01000 -0.3098240E+00 -0.3098240E+00 -0.3098240E+00  0.0000000E+00  0.0000000E+00  0.0000000E+00
   0.81717   0.01000 -0.3205111E+00 -0.3205111E+00 -0.3205111E+00  0.0000000E+00  0.0000000E+00  0.0000000E+00
   0.83283   0.01000 -0.3134434E+00 -0.3134434E+00 -0.3134434E+00  0.0000000E+00  0.0000000E+00  0.0000000E+00
   0.84848   0.01000 -0.2538983E+00 -0.2538983E+00 -0.2538983E+00  0.0000000E+00  0.0000000E+00  0.0000000E+00
   0.86414   0.01000 -0.2618278E+00 -0.2618278E+00 -0.2618278E+00  0.0000000E+00  0.0000000E+00  0.0000000E+00
   0.87980   0.01000 -0.3804462E+00 -0.3804462E+00 -0.3804462E+00  0.0000000E+00  0.0000000E+00  0.0000000E+00
   0.89545   0.01000 -0.4593401E+00 -0.4593401E+00 -0.4593401E+00  0.0000000E+00  0.0000000E+00  0.0000000E+00
   0.91111   0.01000 -0.6125281E+00 -0.6125281E+00 -0.6125281E+00  0.0000000E+00  0.0000000E+00  0.0000000E+00
   0.92677   0.01000 -0.5904712E+00 -0.5904712E+00 -0.5904712E+00  0.0000000E+00  0.0000000E+00  0.0000000E+00
   0.94242   0.01000 -0.5926725E+00 -0.5926725E+00 -0.5926725E+00  0.0000000E+00  0.0000000E+00  0.0000000E+00
   0.95808   0.01000 -0.6284932E+00 -0.6284932E+00 -0.6284932E+00  0.0000000E+00  0.0000000E+00  0.0000000E+00
   0.97374   0.01000 -0.5963370E+00 -0.5963370E+00 -0.5963370E+00  0.0000000E+00  0.0000000E+00  0.0000000E+00
   0.98939   0.01000 -0.6331916E+00 -0.6331916E+00 -0.6331916E+00  0.0000000E+00  0.0000000E+00  0.0000000E+00
   1.00505   0.01000 -0.9597261E+00 -0.9597261E+00 -0.9597261E+00  0.0000000E+00  0.0000000E+00  0.0000000E+00
   1.02071   0.01000 -0.1049133E+01 -0.1049133E+01 -0.1049133E+01  0.0000000E+00  0.0000000E+00  0.0000000E+00
   1.03636   0.01000 -0.1161286E+01 -0.1161286E+01 -0.1161286E+01  0.0000000E+00  0.0000000E+00  0.0000000E+00
   1.05202   0.01000 -0.1460833E+01 -0.1460833E+01 -0.1460833E+01  0.0000000E+00  0.0000000E+00  0.0000000E+00
   1.06768   0.01000 -0.1658399E+01 -0.1658399E+01 -0.1658399E+01  0.0000000E+00  0.0000000E+00  0.0000000E+00
   1.08333   0.01000 -0.1597556E+01 -0.1597556E+01 -0.1597556E+01  0.0000000E+00  0.0000000E+00  0.0000000E+00
   1.09899   0.01000 -0.1779660E+01 -0.1779660E+01 -0.1779660E+01  0.0000000E+00  0.0000000E+00  0.0000000E+00
   1.11465   0.01000 -0.2364650E+01 -0.2364650E+01 -0.2364650E+01  0.0000000E+00  0.0000000E+00  0.0000000E+00
   1.13030   0.01000 -0.2228078E+01 -0.2228078E+01 -0.2228078E+01  0.0000000E+00  0.0000000E+00  0.0000000E+00
   1.14596   0.01000 -0.2542837E+01 -0.2542837E+01 -0.2542837E+01  0.0000000E+00  0.0000000E+00  0.0000000E+00
   1.16162   0.01000 -0.3820027E+01 -0.3820027E+01 -0.3820027E+01  0.0000000E+00  0.0000000E+00  0.0000000E+00
   1.17727   0.01000 -0.5125332E+01 -0.5125332E+01 -0.5125332E+01  0.0000000E+00  0.0000000E+00  0.0000000E+00
   1.19293   0.01000 -0.6427475E+01 -0.6427475E+01 -0.6427475E+01  0.0000000E+00  0.0000000E+00  0.0000000E+00
   1.20859   0.01000 -0.6336324E+01 -0.6336324E+01 -0.6336324E+01  0.0000000E+00  0.0000000E+00  0.0000000E+00
   1.22424   0.01000 -0.6608038E+01 -0.6608038E+01 -0.6608038E+01  0.0000000E+00  0.0000000E+00  0.0000000E+00
   1.23990   0.01000 -0.7280858E+01 -0.7280858E+01 -0.7280858E+01  0.0000000E+00  0.0000000E+00  0.0000000E+00
   1.25556   0.01000 -0.8596052E+01 -0.8596052E+01 -0.8596052E+01  0.0000000E+00  0.0000000E+00  0.0000000E+00
   1.27121   0.01000 -0.7618822E+01 -0.7618822E+01 -0.7618822E+01  0.0000000E+00  0.0000000E+00  0.0000000E+00
   1.28687   0.01000 -0.5213109E+01 -0.5213109E+01 -0.5213109E+01  0.0000000E+00  0.0000000E+00  0.0000000E+00
   1.30253   0.01000 -0.4815668E+01 -0.4815668E+01 -0.4815668E+01  0.0000000E+00  0.0000000E+00  0.0000000E+00
   1.31818   0.01000 -0.3000316E+01 -0.3000316E+01 -0.3000316E+01  0.0000000E+00  0.0000000E+00  0.0000000E+00
   1.33384   0.01000 -0.2174534E+01 -0.2174534E+01 -0.2174534E+01  0.0000000E+00  0.0000000E+00  0.0000000E+00
   1.34949   0.01000 -0.1556739E+01 -0.1556739E+01 -0.1556739E+01  0.0000000E+00  0.0000000E+00  0.0000000E+00
   1.36515   0.01000 -0.1320672E+01 -0.1320672E+01 -0.1320672E+01  0.0000000E+00  0.0000000E+00  0.0000000E+00
   1.38081   0.01000 -0.1203816E+01 -0.1203816E+01 -0.1203816E+01  0.0000000E+00  0.0000000E+00  0.0000000E+00
   1.39646   0.01000 -0.9801389E+00 -0.9801389E+00 -0.9801389E+00  0.0000000E+00  0.0000000E+00  0.0000000E+00
   1.41212   0.01000 -0.7790591E+00 -0.7790591E+00 -0.7790591E+00  0.0000000E+00  0.0000000E+00  0.0000000E+00
   1.42778   0.01000 -0.7267293E+00 -0.7267293E+00 -0.7267293E+00  0.0000000E+00  0.0000000E+00  0.0000000E+00
   1.44343   0.01000 -0.6219216E+00 -0.6219216E+00 -0.6219216E+00  0.0000000E+00  0.0000000E+00  0.0000000E+00
   1.45909   0.01000 -0.4715212E+00 -0.4715212E+00 -0.4715212E+00  0.0000000E+00  0.0000000E+00  0.0000000E+00
   1.47475   0.01000 -0.4498778E+00 -0.4498778E+00 -0.4498778E+00  0.0000000E+00  0.0000000E+00  0.0000000E+00
   1.49040   0.01000 -0.4044971E+00 -0.4044971E+00 -0.4044971E+00  0.0000000E+00  0.0000000E+00  0.0000000E+00
   1.50606   0.01000 -0.3964764E+00 -0.3964764E+00 -0.3964764E+00  0.0000000E+00  0.0000000E+00  0.0000000E+00
   1.52172   0.01000 -0.3831806E+00 -0.3831806E+00 -0.3831806E+00  0.0000000E+00  0.0000000E+00  0.0000000E+00
   1.53737   0.01000 -0.3114761E+00 -0.3114761E+00 -0.3114761E+00  0.0000000E+00  0.0000000E+00  0.0000000E+00
   1.55303   0.01000 -0.3056671E+00 -0.3056671E+00 -0.3056671E+00  0.0000000E+00  0.0000000E+00  0.0000000E+00
   1.56869   0.01000 -0.2529391E+00 -0.2529391E+00 -0.2529391E+00  0.0000000E+00  0.0000000E+00  0.0000000E+00
   1.58434   0.01000 -0.2113621E+00 -0.2113621E+00 -0.2113621E+00  0.0000000E+00  0.0000000E+00  0.0000000E+00
   1.60000   0.01000 -0.2008056E+00 -0.2008056E+00 -0.2008056E+00  0.0000000E+00  0.0000000E+00  0.0000000E+00
