#  Re(w)     Im(w)  em111          em122          em133          em112          em113          em123
   0.05000   0.01000  0.7093961E-01  0.7093961E-01  0.7093961E-01  0.0000000E+00  0.0000000E+00  0.0000000E+00
   0.06566   0.01000  0.6928029E-01  0.6928029E-01  0.6928029E-01  0.0000000E+00  0.0000000E+00  0.0000000E+00
   0.08131   0.01000  0.6713912E-01  0.6713912E-01  0.6713912E-01  0.0000000E+00  0.0000000E+00  0.0000000E+00
   0.09697   0.01000  0.6448773E-01  0.6448773E-01  0.6448773E-01  0.0000000E+00  0.0000000E+00  0.0000000E+00
   0.11263   0.01000  0.6128444E-01  0.6128444E-01  0.6128444E-01  0.0000000E+00  0.0000000E+00  0.0000000E+00
   0.12828   0.01000  0.5746572E-01  0.5746572E-01  0.5746572E-01  0.0000000E+00  0.0000000E+00  0.0000000E+00
   0.14394   0.01000  0.5292848E-01  0.5292848E-01  0.5292848E-01  0.0000000E+00  0.0000000E+00  0.0000000E+00
   0.15960   0.01000  0.4748776E-01  0.4748776E-01  0.4748776E-01  0.0000000E+00  0.0000000E+00  0.0000000E+00
   0.17525   0.01000  0.4076598E-01  0.4076598E-01  0.4076598E-01  0.0000000E+00  0.0000000E+00  0.0000000E+00
   0.19091   0.01000  0.3217187E-01  0.3217187E-01  0.3217187E-01  0.0000000E+00  0.0000000E+00  0.0000000E+00
   0.20657   0.01000  0.2726841E-01  0.2726841E-01  0.2726841E-01  0.0000000E+00  0.0000000E+00  0.0000000E+00
   0.22222   0.01000  0.2486807E-01  0.2486807E-01  0.2486807E-01  0.0000000E+00  0.0000000E+00  0.0000000E+00
   0.23788   0.01000  0.2110723E-01  0.2110723E-01  0.2110723E-01  0.0000000E+00  0.0000000E+00  0.0000000E+00
   0.25354   0.01000  0.1544096E-01  0.1544096E-01  0.1544096E-01  0.0000000E+00  0.0000000E+00  0.0000000E+00
   0.26919   0.01000  0.6414184E-02  0.6414184E-02  0.6414184E-02  0.0000000E+00  0.0000000E+00  0.0000000E+00
   0.28485   0.01000 -0.1442154E-02 -0.1442154E-02 -0.1442154E-02  0.0000000E+00  0.0000000E+00  0.0000000E+00
   0.30051   0.01000 -0.2001970E-02 -0.2001970E-02 -0.2001970E-02  0.0000000E+00  0.0000000E+00  0.0000000E+00
   0.31616   0.01000 -0.1764923E-01 -0.1764923E-01 -0.1764923E-01  0.0000000E+00  0.0000000E+00  0.0000000E+00
   0.33182   0.01000 -0.3025467E-01 -0.3025467E-01 -0.3025467E-01  0.0000000E+00  0.0000000E+00  0.0000000E+00
   0.34747   0.01000 -0.4272481E-01 -0.4272481E-01 -0.4272481E-01  0.0000000E+00  0.0000000E+00  0.0000000E+00
   0.36313   0.01000 -0.4342453E-01 -0.4342453E-01 -0.4342453E-01  0.0000000E+00  0.0000000E+00  0.0000000E+00
   0.37879   0.01000 -0.3318928E-01 -0.3318928E-01 -0.3318928E-01  0.0000000E+00  0.0000000E+00  0.0000000E+00
   0.39444   0.01000 -0.3607390E-01 -0.3607390E-01 -0.3607390E-01  0.0000000E+00  0.0000000E+00  0.0000000E+00
   0.41010   0.01000 -0.5929494E-01 -0.5929494E-01 -0.5929494E-01  0.0000000E+00  0.0000000E+00  0.0000000E+00
   0.42576   0.01000 -0.8046090E-01 -0.8046090E-01 -0.8046090E-01  0.0000000E+00  0.0000000E+00  0.0000000E+00
   0.44141   0.01000 -0.8507108E-01 -0.8507108E-01 -0.8507108E-01  0.0000000E+00  0.0000000E+00  0.0000000E+00
   0.45707   0.01000 -0.9896930E-01 -0.9896930E-01 -0.9896930E-01  0.0000000E+00  0.0000000E+00  0.0000000E+00
   0.47273   0.01000 -0.1170461E+00 -0.1170461E+00 -0.1170461E+00  0.0000000E+00  0.0000000E+00  0.0000000E+00
   0.48838   0.01000 -0.1286706E+00 -0.1286706E+00 -0.1286706E+00  0.0000000E+00  0.0000000E+00  0.0000000E+00
   0.50404   0.01000 -0.1148331E+00 -0.1148331E+00 -0.1148331E+00  0.0000000E+00  0.0000000E+00  0.0000000E+00
   0.51970   0.01000 -0.1394331E+00 -0.1394331E+00 -0.1394331E+00  0.0000000E+00  0.0000000E+00  0.0000000E+00
   0.53535   0.01000 -0.1664268E+00 -0.1664268E+00 -0.1664268E+00  0.0000000E+00  0.0000000E+00  0.0000000E+00
   0.55101   0.01000 -0.1782754E+00 -0.1782754E+00 -0.1782754E+00  0.0000000E+00  0.0000000E+00  0.0000000E+00
   0.56667   0.01000 -0.1620757E+00 -0.1620757E+00 -0.1620757E+00  0.0000000E+00  0.0000000E+00  0.0000000E+00
   0.58232   0.01000 -0.1933506E+00 -0.1933506E+00 -0.1933506E+00  0.0000000E+00  0.0000000E+00  0.0000000E+00
   0.59798   0.01000 -0.2111311E+00 -0.2111311E+00 -0.2111311E+00  0.0000000E+00  0.0000000E+00  0.0000000E+00
   0.61364   0.01000 -0.2341936E+00 -0.2341936E+00 -0.2341936E+00  0.0000000E+00  0.0000000E+00  0.0000000E+00
   0.62929   0.01000 -0.2610611E+00 -0.2610611E+00 -0.2610611E+00  0.0000000E+00  0.0000000E+00  0.0000000E+00
   0.64495   0.01000 -0.3029716E+00 -0.3029716E+00 -0.3029716E+00  0.0000000E+00  0.0000000E+00  0.0000000E+00
   0.66061   0.01000 -0.3200524E+00 -0.3200524E+00 -0.3200524E+00  0.0000000E+00  0.0000000E+00  0.0000000E+00
   0.67626   0.01000 -0.3149241E+00 -0.3149241E+00 -0.3149241E+00  0.0000000E+00  0.0000000E+00  0.0000000E+00
   0.69192   0.01000 -0.3246117E+00 -0.3246117E+00 -0.3246117E+00  0.0000000E+00  0.0000000E+00  0.0000000E+00
   0.70758   0.01000 -0.3537931E+00 -0.3537931E+00 -0.3537931E+00  0.0000000E+00  0.0000000E+00  0.0000000E+00
   0.72323   0.01000 -0.3938113E+00 -0.3938113E+00 -0.3938113E+00  0.0000000E+00  0.0000000E+00  0.0000000E+00
   0.73889   0.01000 -0.4656253E+00 -0.4656253E+00 -0.4656253E+00  0.0000000E+00  0.0000000E+00  0.0000000E+00
   0.75455   0.01000 -0.4929070E+00 -0.4929070E+00 -0.4929070E+00  0.0000000E+00  0.0000000E+00  0.0000000E+00
   0.77020   0.01000 -0.5664922E+00 -0.5664922E+00 -0.5664922E+00  0.0000000E+00  0.0000000E+00  0.0000000E+00
   0.78586   0.01000 -0.5771722E+00 -0.5771722E+00 -0.5771722E+00  0.0000000E+00  0.0000000E+00  0.0000000E+00
   0.80152   0.01000 -0.5626755E+00 -0.5626755E+00 -0.5626755E+00  0.0000000E+00  0.0000000E+00  0.0000000E+00
   0.81717   0.01000 -0.6024821E+00 -0.6024821E+00 -0.6024821E+00  0.0000000E+00  0.0000000E+00  0.0000000E+00
   0.83283   0.01000 -0.5893608E+00 -0.5893608E+00 -0.5893608E+00  0.0000000E+00  0.0000000E+00  0.0000000E+00
   0.84848   0.01000 -0.6800107E+00 -0.6800107E+00 -0.6800107E+00  0.0000000E+00  0.0000000E+00  0.0000000E+00
   0.86414   0.01000 -0.8180467E+00 -0.8180467E+00 -0.8180467E+00  0.0000000E+00  0.0000000E+00  0.0000000E+00
   0.87980   0.01000 -0.9286155E+00 -0.9286155E+00 -0.9286155E+00  0.0000000E+00  0.0000000E+00  0.0000000E+00
   0.89545   0.01000 -0.9984684E+00 -0.9984684E+00 -0.9984684E+00  0.0000000E+00  0.0000000E+00  0.0000000E+00
   0.91111   0.01000 -0.1005753E+01 -0.1005753E+01 -0.1005753E+01  0.0000000E+00  0.0000000E+00  0.0000000E+00
   0.92677   0.01000 -0.9583756E+00 -0.9583756E+00 -0.9583756E+00  0.0000000E+00  0.0000000E+00  0.0000000E+00
   0.94242   0.01000 -0.1021758E+01 -0.1021758E+01 -0.1021758E+01  0.0000000E+00  0.0000000E+00  0.0000000E+00
   0.95808   0.01000 -0.1115776E+01 -0.1115776E+01 -0.1115776E+01  0.0000000E+00  0.0000000E+00  0.0000000E+00
   0.97374   0.01000 -0.1187745E+01 -0.1187745E+01 -0.1187745E+01  0.0000000E+00  0.0000000E+00  0.0000000E+00
   0.98939   0.01000 -0.1471300E+01 -0.1471300E+01 -0.1471300E+01  0.0000000E+00  0.0000000E+00  0.0000000E+00
   1.00505   0.01000 -0.1629563E+01 -0.1629563E+01 -0.1629563E+01  0.0000000E+00  0.0000000E+00  0.0000000E+00
   1.02071   0.01000 -0.1601065E+01 -0.1601065E+01 -0.1601065E+01  0.0000000E+00  0.0000000E+00  0.0000000E+00
   1.03636   0.01000 -0.1758606E+01 -0.1758606E+01 -0.1758606E+01  0.0000000E+00  0.0000000E+00  0.0000000E+00
   1.05202   0.01000 -0.1903461E+01 -0.1903461E+01 -0.1903461E+01  0.0000000E+00  0.0000000E+00  0.0000000E+00
   1.06768   0.01000 -0.1737953E+01 -0.1737953E+01 -0.1737953E+01  0.0000000E+00  0.0000000E+00  0.0000000E+00
   1.08333   0.01000 -0.1830569E+01 -0.1830569E+01 -0.1830569E+01  0.0000000E+00  0.0000000E+00  0.0000000E+00
   1.09899   0.01000 -0.2272139E+01 -0.2272139E+01 -0.2272139E+01  0.0000000E+00  0.0000000E+00  0.0000000E+00
   1.11465   0.01000 -0.2317128E+01 -0.2317128E+01 -0.2317128E+01  0.0000000E+00  0.0000000E+00  0.0000000E+00
   1.13030   0.01000 -0.2177040E+01 -0.2177040E+01 -0.2177040E+01  0.0000000E+00  0.0000000E+00  0.0000000E+00
   1.14596   0.01000 -0.3014396E+01 -0.3014396E+01 -0.3014396E+01  0.0000000E+00  0.0000000E+00  0.0000000E+00
   1.16162   0.01000 -0.3441455E+01 -0.3441455E+01 -0.3441455E+01  0.0000000E+00  0.0000000E+00  0.0000000E+00
   1.17727   0.01000 -0.3210141E+01 -0.3210141E+01 -0.3210141E+01  0.0000000E+00  0.0000000E+00  0.0000000E+00
   1.19293   0.01000 -0.2068334E+01 -0.2068334E+01 -0.2068334E+01  0.0000000E+00  0.0000000E+00  0.0000000E+00
   1.20859   0.01000 -0.9383130E+00 -0.9383130E+00 -0.9383130E+00  0.0000000E+00  0.0000000E+00  0.0000000E+00
   1.22424   0.01000 -0.2051162E+00 -0.2051162E+00 -0.2051162E+00  0.0000000E+00  0.0000000E+00  0.0000000E+00
   1.23990   0.01000 -0.7410396E-01 -0.7410396E-01 -0.7410396E-01  0.0000000E+00  0.0000000E+00  0.0000000E+00
   1.25556   0.01000  0.1575317E+01  0.1575317E+01  0.1575317E+01  0.0000000E+00  0.0000000E+00  0.0000000E+00
   1.27121   0.01000  0.4829215E+01  0.4829215E+01  0.4829215E+01  0.0000000E+00  0.0000000E+00  0.0000000E+00
   1.28687   0.01000  0.5431219E+01  0.5431219E+01  0.5431219E+01  0.0000000E+00  0.0000000E+00  0.0000000E+00
   1.30253   0.01000  0.5306135E+01  0.5306135E+01  0.5306135E+01  0.0000000E+00  0.0000000E+00  0.0000000E+00
   1.31818   0.01000  0.5779683E+01  0.5779683E+01  0.5779683E+01  0.0000000E+00  0.0000000E+00  0.0000000E+00
   1.33384   0.01000  0.5038201E+01  0.5038201E+01  0.5038201E+01  0.0000000E+00  0.0000000E+00  0.0000000E+00
   1.34949   0.01000  0.4719719E+01  0.4719719E+01  0.4719719E+01  0.0000000E+00  0.0000000E+00  0.0000000E+00
   1.36515   0.01000  0.4094613E+01  0.4094613E+01  0.4094613E+01  0.0000000E+00  0.0000000E+00  0.0000000E+00
   1.38081   0.01000  0.3989987E+01  0.3989987E+01  0.3989987E+01  0.0000000E+00  0.0000000E+00  0.0000000E+00
   1.39646   0.01000  0.3683226E+01  0.3683226E+01  0.3683226E+01  0.0000000E+00  0.0000000E+00  0.0000000E+00
   1.41212   0.01000  0.3574608E+01  0.3574608E+01  0.3574608E+01  0.0000000E+00  0.0000000E+00  0.0000000E+00
   1.42778   0.01000  0.3301267E+01  0.3301267E+01  0.3301267E+01  0.0000000E+00  0.0000000E+00  0.0000000E+00
   1.44343   0.01000  0.3218269E+01  0.3218269E+01  0.3218269E+01  0.0000000E+00  0.0000000E+00  0.0000000E+00
   1.45909   0.01000  0.3026158E+01  0.3026158E+01  0.3026158E+01  0.0000000E+00  0.0000000E+00  0.0000000E+00
   1.47475   0.01000  0.2877233E+01  0.2877233E+01  0.2877233E+01  0.0000000E+00  0.0000000E+00  0.0000000E+00
   1.49040   0.01000  0.2750476E+01  0.2750476E+01  0.2750476E+01  0.0000000E+00  0.0000000E+00  0.0000000E+00
   1.50606   0.01000  0.2622726E+01  0.2622726E+01  0.2622726E+01  0.0000000E+00  0.0000000E+00  0.0000000E+00
   1.52172   0.01000  0.2616237E+01  0.2616237E+01  0.2616237E+01  0.0000000E+00  0.0000000E+00  0.0000000E+00
   1.53737   0.01000  0.2511345E+01  0.2511345E+01  0.2511345E+01  0.0000000E+00  0.0000000E+00  0.0000000E+00
   1.55303   0.01000  0.2449804E+01  0.2449804E+01  0.2449804E+01  0.0000000E+00  0.0000000E+00  0.0000000E+00
   1.56869   0.01000  0.2396077E+01  0.2396077E+01  0.2396077E+01  0.0000000E+00  0.0000000E+00  0.0000000E+00
   1.58434   0.01000  0.2323556E+01  0.2323556E+01  0.2323556E+01  0.0000000E+00  0.0000000E+00  0.0000000E+00
   1.60000   0.01000  0.2236952E+01  0.2236952E+01  0.2236952E+01  0.0000000E+00  0.0000000E+00  0.0000000E+00
