    0.1588776632E+04    0.6027464462E+03    0.6027464462E+03    0.0000000000E+00
    0.0000000000E+00    0.0000000000E+00
    0.6027464462E+03    0.1588776632E+04    0.6027464462E+03    0.0000000000E+00
    0.0000000000E+00    0.0000000000E+00
    0.6027464462E+03    0.6027464462E+03    0.1588776632E+04    0.0000000000E+00
    0.0000000000E+00    0.0000000000E+00
    0.0000000000E+00    0.0000000000E+00    0.0000000000E+00    0.7735732480E+03
    0.0000000000E+00    0.0000000000E+00
    0.0000000000E+00    0.0000000000E+00    0.0000000000E+00    0.0000000000E+00
    0.7735732480E+03    0.0000000000E+00
    0.0000000000E+00    0.0000000000E+00    0.0000000000E+00    0.0000000000E+00
    0.0000000000E+00    0.7735732480E+03

    0.7954035845E-03   -0.2187641502E-03   -0.2187641502E-03    0.0000000000E+00
    0.0000000000E+00    0.0000000000E+00
   -0.2187641502E-03    0.7954035845E-03   -0.2187641502E-03    0.0000000000E+00
    0.0000000000E+00    0.0000000000E+00
   -0.2187641502E-03   -0.2187641502E-03    0.7954035845E-03    0.0000000000E+00
    0.0000000000E+00    0.0000000000E+00
    0.0000000000E+00    0.0000000000E+00    0.0000000000E+00    0.1292702407E-02
    0.0000000000E+00    0.0000000000E+00
    0.0000000000E+00    0.0000000000E+00    0.0000000000E+00    0.0000000000E+00
    0.1292702407E-02    0.0000000000E+00
    0.0000000000E+00    0.0000000000E+00    0.0000000000E+00    0.0000000000E+00
    0.0000000000E+00    0.1292702407E-02
